6 0.54453125 0.14140625 0.0609375 0.2828125
6 0.434375 0.1515625 0.053125 0.303125
6 0.609375 0.23125 0.0671875 0.2984375
6 0.70625 0.240625 0.0671875 0.3125
6 0.296875 0.60703125 0.2359375 0.78125
6 0.59921875 0.071875 0.065625 0.1390625
4 0.3875 0.8171875 0.05 0.0828125
6 0.48515625 0.13828125 0.0671875 0.2734375
3 0.43125 0.27109375 0.015625 0.03125
3 0.4453125 0.27578125 0.01875 0.0296875
3 0.48359375 0.2703125 0.01875 0.0375
3 0.4984375 0.26875 0.0203125 0.034375
3 0.53359375 0.26875 0.0203125 0.04375
3 0.553125 0.26640625 0.0171875 0.034375
3 0.590625 0.31796875 0.0265625 0.05
3 0.41328125 0.96640625 0.0484375 0.0671875