6 0.4875 0.14609375 0.0609375 0.2828125
6 0.434375 0.146875 0.0640625 0.29375
6 0.5453125 0.146875 0.0515625 0.29375
6 0.6078125 0.215625 0.075 0.2640625
6 0.7015625 0.24375 0.0765625 0.340625
6 0.22421875 0.6265625 0.221875 0.7453125
4 0.3140625 0.69921875 0.0390625 0.0796875
3 0.43046875 0.275 0.015625 0.0328125
3 0.4453125 0.27578125 0.01875 0.03125
3 0.48125 0.27109375 0.01875 0.0359375
3 0.4984375 0.26796875 0.015625 0.0359375
3 0.5359375 0.26640625 0.0171875 0.046875
3 0.5546875 0.2625 0.021875 0.040625
3 0.590625 0.31796875 0.028125 0.0546875
3 0.2359375 0.91015625 0.0640625 0.0890625