4 0.8609375 0.32109375 0.025 0.040625
4 0.89453125 0.32578125 0.0140625 0.0359375
4 0.634375 0.3296875 0.0390625 0.071875
4 0.0203125 0.334375 0.0171875 0.04375
4 0.6828125 0.33671875 0.0203125 0.04375
4 0.5515625 0.33984375 0.021875 0.0609375
4 0.81484375 0.34609375 0.0203125 0.04375
4 0.79453125 0.34765625 0.0265625 0.0609375
4 0.39921875 0.353125 0.034375 0.0859375
4 0.46640625 0.3609375 0.0203125 0.0390625
4 0.4421875 0.36171875 0.0203125 0.0546875
4 0.16953125 0.3796875 0.021875 0.0234375
4 0.89453125 0.39765625 0.0203125 0.0265625
4 0.58203125 0.4125 0.0203125 0.0359375
4 0.22109375 0.4125 0.025 0.05625
4 0.1921875 0.428125 0.0203125 0.025
4 0.65625 0.44921875 0.0390625 0.0578125
4 0.79296875 0.4828125 0.034375 0.04375
4 0.21875 0.48671875 0.025 0.040625
4 0.446875 0.5265625 0.053125 0.096875
6 0.81953125 0.56875 0.134375 0.5171875
6 0.28828125 0.6359375 0.1828125 0.521875
6 0.7078125 0.6453125 0.190625 0.709375
6 0.49375 0.64921875 0.2328125 0.7015625
6 0.09765625 0.6875 0.15625 0.625
3 0.671875 0.94375 0.05625 0.065625
3 0.7828125 0.9625 0.0578125 0.075
3 0.8015625 0.775 0.0515625 0.065625
3 0.87109375 0.7859375 0.0453125 0.0609375
3 0.8953125 0.7046875 0.0453125 0.04375
3 0.92421875 0.65390625 0.0359375 0.0453125
3 0.2796875 0.8421875 0.0515625 0.0578125
3 0.35078125 0.86796875 0.0515625 0.071875
3 0.21875 0.61875 0.04375 0.0390625
3 0.41328125 0.63671875 0.0296875 0.0359375
6 0.9078125 0.50625 0.040625 0.3109375