4 0.521875 0.2765625 0.053125 0.1421875
4 0.43125 0.303125 0.0453125 0.0953125
4 0.09609375 0.32421875 0.04375 0.1109375
4 0.859375 0.38203125 0.0453125 0.1203125
4 0.915625 0.4 0.034375 0.075
4 0.12265625 0.5515625 0.071875 0.084375
4 0.4546875 0.58046875 0.0578125 0.0890625
4 0.7921875 0.584375 0.0515625 0.0765625
6 0.66015625 0.5875 0.2953125 0.790625
6 0.20703125 0.59765625 0.2703125 0.78125
6 0.54453125 0.61640625 0.1515625 0.728125
6 0.9359375 0.64453125 0.128125 0.7078125
6 0.85234375 0.64765625 0.11875 0.7046875
4 0.11796875 0.65625 0.04375 0.053125
6 0.0609375 0.66015625 0.0984375 0.6328125
4 0.92578125 0.665625 0.0578125 0.10625
6 0.3703125 0.67578125 0.1109375 0.6015625
4 0.640625 0.73203125 0.0609375 0.1328125
3 0.1578125 0.9171875 0.0703125 0.065625
3 0.37265625 0.94453125 0.075 0.065625