6 0.5328125 0.54921875 0.09375 0.5171875
6 0.65 0.5640625 0.1078125 0.5125
6 0.43046875 0.5734375 0.1015625 0.540625
6 0.32109375 0.58046875 0.0890625 0.565625
6 0.765625 0.5953125 0.09375 0.5359375
6 0.2390625 0.61328125 0.1140625 0.659375
6 0.12734375 0.61484375 0.1734375 0.7703125
6 0.896875 0.62265625 0.15 0.721875
3 0.40390625 0.8109375 0.0515625 0.065625
3 0.4484375 0.79453125 0.0625 0.053125
3 0.49609375 0.78125 0.03125 0.071875
3 0.546875 0.7703125 0.05625 0.0609375
3 0.5953125 0.7703125 0.040625 0.0546875
3 0.6578125 0.7828125 0.0515625 0.059375
3 0.3328125 0.81484375 0.0546875 0.0515625
3 0.30390625 0.83984375 0.0515625 0.05625
3 0.2359375 0.90234375 0.065625 0.0609375
3 0.25390625 0.86796875 0.075 0.053125
3 0.73203125 0.8109375 0.0359375 0.053125
3 0.76328125 0.83984375 0.0578125 0.0578125
3 0.8546875 0.94609375 0.0796875 0.0515625