6 0.43359375 0.65234375 0.0984375 0.5703125
6 0.33515625 0.6546875 0.09375 0.575
6 0.52265625 0.66484375 0.0703125 0.5703125
6 0.6140625 0.671875 0.084375 0.5703125
4 0.31015625 0.67890625 0.0203125 0.0359375
6 0.71875 0.67890625 0.1296875 0.5515625
4 0.47734375 0.68046875 0.0171875 0.053125
4 0.49140625 0.68515625 0.0171875 0.0484375
4 0.56875 0.68515625 0.0125 0.0390625
4 0.3890625 0.6859375 0.0203125 0.05625
4 0.40390625 0.6859375 0.0203125 0.059375
4 0.6578125 0.6921875 0.0171875 0.053125
4 0.584375 0.696875 0.0203125 0.0578125
4 0.75625 0.696875 0.0171875 0.0390625
4 0.678125 0.70703125 0.0203125 0.04375
3 0.3328125 0.8640625 0.0359375 0.146875
3 0.36796875 0.86640625 0.034375 0.1515625
3 0.43125 0.86640625 0.040625 0.1484375
3 0.4546875 0.86640625 0.03125 0.1453125
3 0.51796875 0.86875 0.040625 0.146875
3 0.5421875 0.8703125 0.040625 0.1453125
3 0.60234375 0.87265625 0.0359375 0.15
3 0.63203125 0.8703125 0.040625 0.1421875
3 0.696875 0.87109375 0.0390625 0.1375
3 0.725 0.8734375 0.0453125 0.1390625