4 0.8703125 0.3703125 0.0390625 0.0921875
4 0.57578125 0.39296875 0.1953125 0.3109375
4 0.94609375 0.41328125 0.0265625 0.0765625
6 0.8125 0.43125 0.159375 0.3390625
6 0.9515625 0.45078125 0.096875 0.3390625
4 0.74765625 0.48203125 0.028125 0.0703125
6 0.1859375 0.60546875 0.2765625 0.7796875
4 0.83203125 0.078125 0.1015625 0.1375
4 0.20546875 0.821875 0.103125 0.134375
4 0.8140625 0.83984375 0.040625 0.075
4 0.1859375 0.8796875 0.0609375 0.134375
4 0.73203125 0.90234375 0.065625 0.075
4 0.328125 0.0984375 0.2390625 0.196875
4 0.115625 0.109375 0.23125 0.21875