4 0.55546875 0.46171875 0.034375 0.0875
4 0.83203125 0.509375 0.04375 0.0828125
4 0.3234375 0.5171875 0.0359375 0.096875
4 0.24375 0.540625 0.0359375 0.1015625
4 0.4359375 0.540625 0.0453125 0.0765625
4 0.6734375 0.5453125 0.034375 0.090625
4 0.084375 0.57578125 0.0375 0.0796875
6 0.9203125 0.60546875 0.159375 0.7890625
6 0.12109375 0.61796875 0.15625 0.7640625
6 0.6078125 0.634375 0.159375 0.73125
6 0.77421875 0.63828125 0.1453125 0.7234375
6 0.265625 0.6390625 0.128125 0.721875
6 0.36796875 0.64375 0.1140625 0.7125
6 0.4796875 0.65859375 0.1328125 0.6828125
4 0.64296875 0.7703125 0.040625 0.084375