4 0.6515625 0.33203125 0.04375 0.0671875
4 0.6203125 0.3703125 0.034375 0.04375
4 0.58203125 0.39921875 0.0390625 0.0625
4 0.35 0.428125 0.0359375 0.0578125
4 0.16328125 0.4546875 0.0328125 0.053125
4 0.22109375 0.4546875 0.0296875 0.0484375
4 0.68984375 0.46484375 0.0390625 0.0703125
4 0.65625 0.4703125 0.034375 0.05625
4 0.2484375 0.47578125 0.0359375 0.0671875
4 0.834375 0.48828125 0.04375 0.0625
4 0.13828125 0.49140625 0.03125 0.084375
4 0.8015625 0.5015625 0.03125 0.075
6 0.38203125 0.52890625 0.1296875 0.8375
6 0.5046875 0.5296875 0.1015625 0.834375
6 0.6078125 0.53359375 0.1109375 0.75
6 0.8484375 0.5359375 0.1546875 0.7890625
6 0.71640625 0.553125 0.1109375 0.7453125
6 0.2859375 0.55390625 0.1296875 0.78125
6 0.1546875 0.5609375 0.1703125 0.8296875
3 0.8421875 0.91328125 0.0578125 0.0703125
3 0.72734375 0.89765625 0.0546875 0.0796875
3 0.6671875 0.865625 0.0546875 0.0359375
3 0.61640625 0.87265625 0.0515625 0.053125
3 0.3640625 0.8703125 0.0671875 0.0484375
3 0.4078125 0.90859375 0.071875 0.0703125
3 0.25234375 0.90625 0.0640625 0.075
3 0.30625 0.90390625 0.053125 0.0765625
3 0.15234375 0.9 0.0609375 0.075