4 0.8546875 0.24296875 0.03125 0.04375
4 0.7125 0.2703125 0.0359375 0.0609375
4 0.41328125 0.28828125 0.034375 0.0390625
4 0.7203125 0.4515625 0.0265625 0.0484375
4 0.4890625 0.46015625 0.021875 0.0359375
6 0.865625 0.475 0.1546875 0.59375
6 0.34609375 0.53515625 0.2015625 0.6953125
6 0.15390625 0.53828125 0.16875 0.625
6 0.6078125 0.56875 0.178125 0.825
4 0.125 0.5796875 0.034375 0.034375
4 0.271875 0.5828125 0.0296875 0.0359375
4 0.584375 0.6203125 0.0390625 0.071875
3 0.17890625 0.8109375 0.0671875 0.0609375
3 0.2078125 0.7984375 0.0578125 0.065625
3 0.44609375 0.665625 0.0453125 0.0453125
3 0.47265625 0.65625 0.05625 0.034375
3 0.3578125 0.86640625 0.0703125 0.065625
3 0.384375 0.85234375 0.0671875 0.05625
3 0.63125 0.9328125 0.090625 0.084375
3 0.6625 0.91484375 0.09375 0.0765625
3 0.8640625 0.7453125 0.0796875 0.0578125