6 0.3234375 0.6625 0.1515625 0.6609375
6 0.1640625 0.66171875 0.15625 0.6765625
6 0.465625 0.675 0.134375 0.65
4 0.49609375 0.678125 0.0359375 0.0578125
6 0.7078125 0.68125 0.1421875 0.6375
4 0.46640625 0.6875 0.034375 0.0578125
6 0.85390625 0.69296875 0.1609375 0.6140625
4 0.2171875 0.69921875 0.0265625 0.0625
4 0.7671875 0.7015625 0.028125 0.0578125
4 0.10078125 0.70546875 0.0296875 0.065625
4 0.671875 0.70703125 0.03125 0.053125
4 0.9078125 0.7359375 0.021875 0.0484375
4 0.77734375 0.74140625 0.021875 0.0703125