4 0.47578125 0.46015625 0.0390625 0.03125
4 0.4484375 0.46640625 0.021875 0.04375
4 0.553125 0.49140625 0.053125 0.0703125
4 0.49765625 0.49296875 0.04375 0.0578125
4 0.45703125 0.5046875 0.04375 0.0296875
4 0.5359375 0.51953125 0.04375 0.071875
6 0.83125 0.55546875 0.3375 0.8671875
4 0.7234375 0.56015625 0.134375 0.1921875
6 0.58046875 0.5625 0.30625 0.490625
6 0.3546875 0.6296875 0.315625 0.6828125
4 0.6359375 0.6453125 0.1328125 0.1140625
4 0.63671875 0.6890625 0.125 0.11875
4 0.50625 0.72109375 0.075 0.090625
4 0.8453125 0.859375 0.2625 0.2484375