3 0.125 0.8921875 0.034375 0.053125
3 0.16953125 0.875 0.053125 0.040625
3 0.90078125 0.78984375 0.03125 0.0375
3 0.20703125 0.821875 0.0328125 0.10625
3 0.23125 0.81796875 0.0328125 0.103125
3 0.27109375 0.82734375 0.0234375 0.0390625
3 0.29765625 0.83046875 0.0328125 0.040625
3 0.35 0.815625 0.0328125 0.040625
3 0.38671875 0.81328125 0.0375 0.0375
3 0.41875 0.81328125 0.034375 0.0390625
3 0.453125 0.809375 0.0375 0.0421875
3 0.49453125 0.8078125 0.0328125 0.0359375
3 0.528125 0.803125 0.0328125 0.0390625
3 0.559375 0.79375 0.0296875 0.0328125
3 0.590625 0.7921875 0.034375 0.0375
3 0.66640625 0.7625 0.0328125 0.0609375
3 0.70234375 0.76875 0.0234375 0.0421875
3 0.7140625 0.77109375 0.034375 0.040625
3 0.6359375 0.77578125 0.03125 0.040625
3 0.7609375 0.77578125 0.0390625 0.0390625
3 0.8234375 0.79375 0.034375 0.040625
6 0.1515625 0.69140625 0.1 0.46875
6 0.2234375 0.67734375 0.0921875 0.4203125
6 0.2921875 0.6609375 0.084375 0.3984375
6 0.365625 0.6546875 0.0859375 0.378125
6 0.4390625 0.64375 0.08125 0.3921875
6 0.5078125 0.65546875 0.0796875 0.3546875
6 0.5734375 0.64375 0.0765625 0.3578125
6 0.6140625 0.6296875 0.0734375 0.353125
6 0.6625 0.63203125 0.0671875 0.3359375
6 0.71015625 0.6375 0.0578125 0.3234375
6 0.75703125 0.646875 0.0703125 0.31875
6 0.8265625 0.64921875 0.0765625 0.346875
6 0.90078125 0.63515625 0.0953125 0.365625