3 0.6265625 0.95390625 0.125 0.0515625
3 0.8109375 0.96015625 0.090625 0.0453125
3 0.91171875 0.96015625 0.0609375 0.0421875
5 0.8703125 0.5765625 0.075 0.05
5 0.6625 0.5625 0.078125 0.046875
5 0.53046875 0.48984375 0.0546875 0.0265625
5 0.690625 0.50546875 0.05625 0.0390625
5 0.7640625 0.5015625 0.053125 0.040625
5 0.80859375 0.50625 0.0640625 0.040625
3 0.51171875 0.7296875 0.053125 0.03125
6 0.51875 0.6125 0.0953125 0.28125
6 0.634375 0.75859375 0.1359375 0.4375
6 0.7703125 0.59296875 0.0828125 0.2265625
6 0.84921875 0.76875 0.1578125 0.4328125