5 0.85546875 0.36953125 0.0890625 0.1390625
5 0.79765625 0.3546875 0.0796875 0.121875
5 0.5953125 0.39375 0.059375 0.096875
5 0.44765625 0.396875 0.0546875 0.078125
5 0.3078125 0.40078125 0.046875 0.0765625
5 0.134375 0.37578125 0.08125 0.0953125
3 0.88046875 0.675 0.0671875 0.078125
3 0.0515625 0.7265625 0.071875 0.13125
3 0.23984375 0.68046875 0.0453125 0.0734375
6 0.0875 0.5625 0.175 0.459375
6 0.23671875 0.54140625 0.1671875 0.3703125
6 0.48046875 0.51640625 0.1515625 0.3359375
6 0.634375 0.51640625 0.175 0.3828125
6 0.84140625 0.50625 0.1890625 0.440625