3 0.16640625 0.840625 0.0640625 0.0578125
3 0.09765625 0.84296875 0.0578125 0.0640625
3 0.19609375 0.790625 0.0375 0.040625
3 0.26640625 0.80390625 0.0390625 0.0359375
3 0.325 0.7640625 0.0484375 0.0421875
3 0.47265625 0.70546875 0.0546875 0.034375
3 0.4265625 0.70546875 0.03125 0.03125
3 0.56640625 0.7109375 0.040625 0.040625
3 0.6234375 0.7125 0.040625 0.0359375
3 0.71640625 0.73125 0.0453125 0.0421875
3 0.76484375 0.7390625 0.05 0.040625
3 0.88359375 0.74921875 0.0359375 0.040625
3 0.921875 0.75546875 0.0453125 0.0421875
5 0.1390625 0.32734375 0.0703125 0.0625
5 0.25078125 0.353125 0.046875 0.0390625
5 0.3609375 0.33359375 0.0484375 0.040625
5 0.44375 0.3484375 0.0421875 0.0359375
5 0.59609375 0.35546875 0.04375 0.040625
5 0.7171875 0.3515625 0.0609375 0.04375
5 0.91953125 0.28515625 0.0625 0.0484375
6 0.915625 0.5234375 0.1234375 0.53125
6 0.13046875 0.5859375 0.1359375 0.590625
6 0.23828125 0.58203125 0.125 0.5
6 0.346875 0.55 0.1078125 0.4625
6 0.440625 0.5296875 0.1078125 0.4
6 0.5921875 0.53359375 0.1125 0.403125
6 0.74375 0.546875 0.1125 0.4359375