4 0.20859375 0.60078125 0.0390625 0.0671875
4 0.81171875 0.41484375 0.0328125 0.0484375
4 0.734375 0.47890625 0.0375 0.0515625
5 0.2203125 0.30703125 0.0625 0.0734375
5 0.575 0.19609375 0.053125 0.0796875
5 0.73984375 0.28671875 0.0515625 0.0671875
5 0.44296875 0.396875 0.0640625 0.0625
6 0.50546875 0.6171875 0.2171875 0.5
6 0.1953125 0.496875 0.121875 0.459375
6 0.53515625 0.3171875 0.1328125 0.325
6 0.784375 0.45390625 0.1625 0.4109375
3 0.75859375 0.596875 0.0484375 0.1125
3 0.80703125 0.60078125 0.0453125 0.1109375
4 0.41953125 0.71171875 0.0578125 0.0734375