5 0.2921875 0.1390625 0.1171875 0.1078125
5 0.63125 0.0328125 0.1515625 0.065625
4 0.671875 0.85234375 0.0984375 0.15
4 0.1890625 0.75234375 0.0828125 0.1140625
4 0.19453125 0.6765625 0.065625 0.090625
4 0.515625 0.65234375 0.0625 0.0921875
6 0.6421875 0.5 0.2703125 1
6 0.2796875 0.546875 0.2 0.90625
5 0.43515625 0.2875 0.0703125 0.0578125
5 0.03125 0.33515625 0.0359375 0.034375
6 0.040625 0.47421875 0.08125 0.2984375
6 0.4359375 0.553125 0.1078125 0.5984375
4 0.39921875 0.56015625 0.034375 0.0515625