4 0.57578125 0.29296875 0.0140625 0.0625
5 0.40859375 0.29296875 0.053125 0.075
4 0.70078125 0.296875 0.040625 0.0484375
4 0.87734375 0.3125 0.0484375 0.0703125
4 0.4015625 0.32109375 0.04375 0.04375
5 0.7921875 0.33203125 0.04375 0.053125
7 0.57109375 0.35546875 0.0265625 0.09375
7 0.7296875 0.3609375 0.0625 0.0984375
5 0.44140625 0.3640625 0.034375 0.0359375
7 0.8546875 0.375 0.0578125 0.096875
5 0.5453125 0.37734375 0.0265625 0.0234375
7 0.6203125 0.42890625 0.0546875 0.159375
7 0.6515625 0.43515625 0.0390625 0.075
5 0.290625 0.43515625 0.0390625 0.0453125
7 0.55390625 0.47734375 0.0484375 0.10625
7 0.52890625 0.478125 0.103125 0.4140625
7 0.26953125 0.4859375 0.0359375 0.0625
7 0.78984375 0.48828125 0.09375 0.2265625
7 0.29453125 0.49140625 0.0640625 0.159375
7 0.5328125 0.50390625 0.0171875 0.0625
5 0.63125 0.50625 0.0390625 0.059375
7 0.396875 0.525 0.1078125 0.2828125
7 0.62734375 0.5375 0.0875 0.384375
7 0.79296875 0.5515625 0.221875 0.5609375
7 0.28828125 0.609375 0.0859375 0.3953125
7 0.41328125 0.6765625 0.1640625 0.6296875