5 0.48828125 0.30078125 0.0765625 0.0828125
1 0.48203125 0.33984375 0.0609375 0.0609375
5 0.7171875 0.35546875 0.034375 0.0578125
5 0.95546875 0.3921875 0.0609375 0.0578125
5 0.34140625 0.39453125 0.04375 0.0703125
5 0.446875 0.4109375 0.021875 0.0390625
5 0.5890625 0.43125 0.028125 0.04375
7 0.71484375 0.5046875 0.071875 0.1953125
7 0.34609375 0.55390625 0.0828125 0.2265625
7 0.5890625 0.5578125 0.059375 0.159375
1 0.678125 0.60234375 0.0203125 0.059375
4 0.75234375 0.60546875 0.0125 0.053125
7 0.71875 0.615625 0.1078125 0.4265625
7 0.59375 0.61796875 0.0765625 0.29375
7 0.94453125 0.6265625 0.10625 0.3015625
7 0.47109375 0.62890625 0.1421875 0.4
4 0.303125 0.6453125 0.0140625 0.0484375
7 0.34609375 0.6703125 0.0953125 0.4578125
7 0.48828125 0.703125 0.1921875 0.59375
7 0.93046875 0.7375 0.1328125 0.525
4 0.89453125 0.76953125 0.021875 0.053125