5 0.21484375 0.28359375 0.040625 0.0484375
5 0.86171875 0.33203125 0.03125 0.04375
5 0.1453125 0.3390625 0.03125 0.0484375
5 0.44609375 0.353125 0.021875 0.0234375
4 0.44609375 0.3703125 0.0171875 0.0171875
5 0.59765625 0.38203125 0.0203125 0.0171875
5 0.7453125 0.38671875 0.0234375 0.0359375
7 0.21171875 0.43515625 0.06875 0.1953125
7 0.14296875 0.45078125 0.053125 0.178125
7 0.44921875 0.4546875 0.0453125 0.1234375
7 0.021875 0.459375 0.025 0.096875
7 0.25 0.46015625 0.034375 0.1015625
7 0.84609375 0.4625 0.0703125 0.1546875
7 0.1140625 0.46640625 0.0203125 0.0890625
7 0.7390625 0.4734375 0.0515625 0.1375
7 0.59765625 0.475 0.04375 0.1203125
7 0.70703125 0.47734375 0.0265625 0.0609375
7 0.83203125 0.478125 0.034375 0.084375
7 0.57421875 0.4796875 0.0265625 0.0796875
7 0.76796875 0.4859375 0.0265625 0.0609375
7 0.62109375 0.49375 0.0171875 0.0671875
4 0.77734375 0.50859375 0.0078125 0.0234375
4 0.2453125 0.51328125 0.0171875 0.0359375
7 0.4515625 0.4515625 0.065625 0.1296875
4 0.17421875 0.51953125 0.0125 0.0484375
4 0.8421875 0.52265625 0.0171875 0.028125
7 0.5953125 0.475 0.059375 0.115625
7 0.7453125 0.46640625 0.0578125 0.1609375
7 0.1453125 0.46171875 0.0515625 0.1875
7 0.2140625 0.4359375 0.0921875 0.2078125
7 0.8546875 0.46171875 0.0921875 0.16875
3 0.87265625 0.7171875 0.025 0.034375
3 0.81953125 0.6828125 0.0265625 0.04375
3 0.73046875 0.6609375 0.03125 0.028125
3 0.59765625 0.63203125 0.0203125 0.0265625
3 0.5796875 0.6140625 0.021875 0.0171875
3 0.4328125 0.62109375 0.021875 0.034375
3 0.2234375 0.71171875 0.0296875 0.0359375
3 0.17578125 0.72109375 0.03125 0.0359375
3 0.14453125 0.68125 0.0203125 0.028125