5 0.4859375 0.1390625 0.0703125 0.096875
5 0.0796875 0.18984375 0.0609375 0.096875
5 0.2171875 0.2640625 0.0515625 0.1015625
5 0.6671875 0.271875 0.0796875 0.1078125
5 0.35 0.2796875 0.0578125 0.0875
7 0.0828125 0.390625 0.115625 0.2765625
7 0.0171875 0.40390625 0.034375 0.1390625
7 0.4828125 0.421875 0.1296875 0.3421875
7 0.2296875 0.4234375 0.0984375 0.240625
7 0.14296875 0.43046875 0.0390625 0.159375
7 0.421875 0.475 0.0265625 0.1203125
7 0.303125 0.48671875 0.0203125 0.1421875
7 0.2765625 0.49375 0.0296875 0.10625
7 0.53125 0.49609375 0.0484375 0.2078125
7 0.38359375 0.50234375 0.0515625 0.1640625
7 0.178125 0.50390625 0.0203125 0.0875
4 0.01328125 0.50390625 0.025 0.0484375
7 0.3421875 0.5046875 0.10625 0.284375
4 0.13359375 0.515625 0.0203125 0.04375
7 0.08046875 0.5359375 0.1609375 0.5671875
7 0.23046875 0.56015625 0.11875 0.509375
4 0.415625 0.5875 0.0203125 0.084375
7 0.6453125 0.60234375 0.228125 0.790625
7 0.65625 0.61796875 0.1609375 0.4671875
7 0.3453125 0.62109375 0.1234375 0.521875
7 0.47109375 0.6203125 0.1640625 0.7546875
7 0.55078125 0.678125 0.05625 0.2578125
7 0.7296875 0.74609375 0.0671875 0.2078125