5 0.21171875 0.28359375 0.04375 0.0484375
5 0.86640625 0.33203125 0.0296875 0.0390625
5 0.14296875 0.34140625 0.0328125 0.0640625
5 0.44609375 0.3546875 0.021875 0.0234375
1 0.44609375 0.37265625 0.0171875 0.0171875
5 0.60078125 0.37734375 0.0203125 0.0171875
5 0.7453125 0.384375 0.0234375 0.0359375
7 0.209375 0.44140625 0.071875 0.1921875
7 0.44609375 0.446875 0.04375 0.1203125
7 0.85078125 0.4546875 0.065625 0.16875
7 0.1109375 0.4546875 0.0328125 0.071875
7 0.14453125 0.45703125 0.0578125 0.18125
7 0.0171875 0.459375 0.0265625 0.0875
7 0.2484375 0.4625 0.0390625 0.096875
7 0.60078125 0.47109375 0.04375 0.125
7 0.74140625 0.478125 0.0484375 0.128125
7 0.71015625 0.478125 0.0265625 0.0625
7 0.771875 0.478125 0.028125 0.053125
7 0.57578125 0.4796875 0.025 0.0578125
7 0.6234375 0.48671875 0.0140625 0.0484375
7 0.8328125 0.48671875 0.03125 0.0703125
4 0.78125 0.50625 0.0125 0.025
7 0.44921875 0.50859375 0.0625 0.259375
4 0.11171875 0.5171875 0.0140625 0.0359375
7 0.7453125 0.51953125 0.0890625 0.2953125
4 0.2453125 0.5203125 0.0125 0.0390625
4 0.5734375 0.52421875 0.0125 0.0203125
4 0.6265625 0.525 0.0125 0.0125
4 0.8453125 0.5265625 0.0171875 0.034375
7 0.5984375 0.5265625 0.075 0.240625
7 0.14296875 0.53359375 0.05625 0.3578125
7 0.20546875 0.5578125 0.1015625 0.4375
7 0.85078125 0.5640625 0.0796875 0.3640625