5 0.66015625 0.2640625 0.0359375 0.0484375
5 0.25234375 0.2765625 0.040625 0.0390625
5 0.7515625 0.30546875 0.0453125 0.0671875
1 0.25 0.30859375 0.0359375 0.04375
5 0.42578125 0.31953125 0.0296875 0.071875
5 0.51171875 0.35 0.0296875 0.0703125
5 0.59609375 0.3578125 0.0265625 0.0484375
7 0.66328125 0.4078125 0.059375 0.1734375
7 0.69609375 0.43515625 0.03125 0.115625
7 0.41953125 0.446875 0.0671875 0.1828125
7 0.5109375 0.4484375 0.0578125 0.1421875
7 0.25234375 0.4625 0.0921875 0.209375
7 0.59765625 0.4640625 0.053125 0.15
7 0.56953125 0.46640625 0.0234375 0.0671875
7 0.62265625 0.46640625 0.0203125 0.0890625
7 0.759375 0.47109375 0.0875 0.2265625
7 0.38203125 0.47265625 0.0359375 0.09375
7 0.44921875 0.478125 0.0140625 0.0765625
7 0.5421875 0.4890625 0.028125 0.0671875
7 0.48203125 0.490625 0.0171875 0.0625
4 0.62890625 0.50234375 0.0171875 0.053125
4 0.68359375 0.50625 0.021875 0.0625
7 0.66484375 0.5265625 0.0765625 0.4234375
7 0.72109375 0.5265625 0.0203125 0.128125
4 0.38828125 0.53125 0.0234375 0.0390625
7 0.80625 0.5328125 0.0515625 0.0828125
7 0.5140625 0.53984375 0.071875 0.315625
7 0.4109375 0.54296875 0.084375 0.346875
7 0.5921875 0.54296875 0.0765625 0.2796875
7 0.7671875 0.5796875 0.1203125 0.4671875
7 0.25703125 0.5875 0.115625 0.471875