4 0.30859375 0.30546875 0.009375 0.040625
5 0.41328125 0.3296875 0.0484375 0.0703125
5 0.234375 0.33671875 0.040625 0.04375
5 0.3421875 0.34609375 0.0296875 0.0390625
4 0.22109375 0.34609375 0.0171875 0.0234375
1 0.4125 0.35 0.0390625 0.0546875
7 0.2875 0.3609375 0.04375 0.0796875
4 0.63828125 0.37265625 0.0140625 0.0265625
4 0.6875 0.375 0.03125 0.034375
7 0.19453125 0.37734375 0.040625 0.05625
7 0.3328125 0.3796875 0.040625 0.0390625
4 0.36796875 0.39453125 0.0125 0.021875
5 0.66328125 0.39453125 0.0359375 0.034375
7 0.4828125 0.39921875 0.025 0.075
5 0.46171875 0.4015625 0.021875 0.034375
5 0.52265625 0.4046875 0.028125 0.053125
7 0.62109375 0.4109375 0.040625 0.0828125
7 0.69375 0.42421875 0.0265625 0.0578125
7 0.5515625 0.43046875 0.034375 0.0453125
7 0.334375 0.44140625 0.0359375 0.10625
7 0.5140625 0.44453125 0.0171875 0.0484375
7 0.5421875 0.446875 0.053125 0.1296875
7 0.23671875 0.4515625 0.0703125 0.15
7 0.46640625 0.490625 0.025 0.1078125
7 0.65234375 0.51328125 0.075 0.159375
7 0.3390625 0.515625 0.0703125 0.2796875
7 0.25234375 0.521875 0.1296875 0.48125
7 0.4015625 0.5265625 0.0890625 0.25
7 0.54453125 0.546875 0.0796875 0.3375
7 0.66015625 0.58203125 0.1140625 0.446875
7 0.4015625 0.6578125 0.128125 0.5