5 0.71484375 0.3296875 0.040625 0.0359375
5 0.3109375 0.35546875 0.0359375 0.0359375
5 0.42421875 0.36328125 0.0171875 0.0390625
5 0.61640625 0.37734375 0.0234375 0.0390625
7 0.47734375 0.38203125 0.11875 0.29375
7 0.3140625 0.475 0.053125 0.1640625
7 0.31015625 0.4953125 0.040625 0.0828125
7 0.32421875 0.54453125 0.1015625 0.2984375
7 0.6078125 0.56875 0.1078125 0.2640625
7 0.45546875 0.5921875 0.1640625 0.7328125
7 0.62890625 0.69140625 0.1515625 0.440625
4 0.64453125 0.69140625 0.034375 0.053125