5 0.71640625 0.33671875 0.040625 0.0453125
5 0.31875 0.3546875 0.0328125 0.0359375
5 0.428125 0.365625 0.0140625 0.0390625
5 0.6203125 0.37265625 0.028125 0.0390625
7 0.47578125 0.38203125 0.128125 0.2953125
7 0.32109375 0.47109375 0.0515625 0.1515625
7 0.5453125 0.48828125 0.028125 0.0765625
7 0.54296875 0.49609375 0.0515625 0.0921875
7 0.30859375 0.50234375 0.034375 0.0890625
7 0.32578125 0.53828125 0.103125 0.3125
7 0.6078125 0.578125 0.10625 0.253125
7 0.45546875 0.6 0.165625 0.7140625
4 0.64296875 0.69453125 0.034375 0.0390625
7 0.6296875 0.69609375 0.146875 0.4359375