5 0.0765625 0.16796875 0.059375 0.0921875
5 0.2234375 0.2359375 0.053125 0.1078125
5 0.6875 0.240625 0.0796875 0.1109375
5 0.3546875 0.25625 0.0578125 0.0796875
7 0.0796875 0.3796875 0.1140625 0.29375
7 0.49609375 0.396875 0.11875 0.3140625
7 0.23203125 0.4 0.0984375 0.240625
7 0.01171875 0.4078125 0.0171875 0.1421875
7 0.14296875 0.41796875 0.0453125 0.134375
7 0.43359375 0.45703125 0.0296875 0.115625
7 0.2796875 0.46640625 0.0234375 0.0921875
7 0.30625 0.4703125 0.021875 0.134375
7 0.18125 0.47265625 0.0171875 0.075
7 0.353125 0.4734375 0.10625 0.2984375
7 0.38828125 0.475 0.0609375 0.178125
7 0.5359375 0.49140625 0.0671875 0.196875
4 0.01171875 0.49453125 0.0234375 0.0484375
4 0.134375 0.5 0.021875 0.053125
7 0.08515625 0.5265625 0.16875 0.584375
7 0.2359375 0.5453125 0.125 0.5140625
4 0.428125 0.5734375 0.025 0.1015625
7 0.66796875 0.59140625 0.1875 0.459375
7 0.4890625 0.59765625 0.1640625 0.771875
7 0.35703125 0.6 0.115625 0.5609375
4 0.5109375 0.6234375 0.034375 0.121875
7 0.571875 0.6578125 0.0765625 0.246875
7 0.64765625 0.67890625 0.2328125 0.6171875
7 0.74765625 0.7203125 0.0703125 0.2
5 0.4953125 0.12109375 0.075 0.0921875