5 0.1703125 0.14921875 0.0625 0.090625
5 0.4765625 0.228125 0.0484375 0.0875
5 0.3171875 0.25078125 0.046875 0.071875
5 0.534375 0.26015625 0.0375 0.0625
5 0.3984375 0.26640625 0.034375 0.0515625
5 0.6078125 0.29375 0.040625 0.090625
7 0.159375 0.378125 0.103125 0.2890625
5 0.7828125 0.39375 0.059375 0.0625
7 0.5421875 0.39921875 0.046875 0.1875
7 0.396875 0.403125 0.0625 0.19375
7 0.4734375 0.4125 0.09375 0.253125
7 0.5984375 0.4328125 0.08125 0.234375
7 0.315625 0.453125 0.09375 0.2640625
7 0.76953125 0.5828125 0.1078125 0.26875