5 0.46015625 0.328125 0.065625 0.075
1 0.45703125 0.36328125 0.0578125 0.0609375
5 0.69140625 0.3796875 0.034375 0.0484375
5 0.3140625 0.4265625 0.040625 0.075
5 0.91953125 0.43046875 0.0609375 0.065625
5 0.41953125 0.44375 0.0265625 0.053125
5 0.56015625 0.4515625 0.034375 0.03125
7 0.68984375 0.52421875 0.071875 0.1859375
7 0.5625 0.5734375 0.0625 0.159375
7 0.3171875 0.58046875 0.084375 0.23125
7 0.9171875 0.6625 0.11875 0.2984375
7 0.44609375 0.66328125 0.15 0.415625
4 0.26953125 0.67421875 0.0203125 0.0453125
4 0.97578125 0.790625 0.0140625 0.0359375
4 0.86171875 0.80078125 0.021875 0.0390625