5 0.1703125 0.14921875 0.0625 0.0921875
5 0.47578125 0.228125 0.0484375 0.0890625
5 0.3171875 0.2515625 0.0484375 0.071875
5 0.53515625 0.2609375 0.0390625 0.0625
5 0.39765625 0.2671875 0.034375 0.053125
5 0.60703125 0.29296875 0.0390625 0.0921875
7 0.15859375 0.37734375 0.103125 0.2890625
5 0.7828125 0.39453125 0.059375 0.0625
7 0.5421875 0.39921875 0.0484375 0.1875
7 0.396875 0.40390625 0.0625 0.1890625
7 0.4734375 0.4125 0.09375 0.2515625
1 0.765625 0.41328125 0.025 0.0390625
7 0.5984375 0.4328125 0.0828125 0.2359375
7 0.31484375 0.453125 0.09375 0.2640625
4 0.2203125 0.5203125 0.0171875 0.071875
4 0.4203125 0.5203125 0.0203125 0.04375
4 0.115625 0.54296875 0.0296875 0.0828125
7 0.65234375 0.5734375 0.15 0.39375
4 0.26328125 0.57421875 0.0203125 0.0390625
4 0.3609375 0.578125 0.0265625 0.0359375
7 0.76953125 0.5828125 0.10625 0.2703125
4 0.803125 0.7171875 0.021875 0.04375