1 0.196875 0.15 0.0484375 0.04375
5 0.3328125 0.2046875 0.0484375 0.0984375
5 0.71484375 0.20703125 0.0390625 0.065625
5 0.4375 0.259375 0.04375 0.0984375
5 0.56953125 0.2953125 0.04375 0.053125
5 0.87890625 0.35078125 0.0484375 0.0828125
7 0.17578125 0.3734375 0.1078125 0.3515625
7 0.3125 0.3921875 0.0984375 0.2546875
7 0.703125 0.3921875 0.096875 0.228125
7 0.43125 0.39921875 0.0859375 0.2
7 0.55390625 0.46875 0.1015625 0.221875
4 0.26328125 0.50234375 0.0203125 0.04375
7 0.303125 0.5046875 0.1328125 0.4921875
4 0.646875 0.5203125 0.025 0.0671875
7 0.42421875 0.525 0.1078125 0.4375
4 0.7390625 0.53515625 0.0234375 0.0796875
7 0.69609375 0.54296875 0.1328125 0.53125
7 0.865625 0.546875 0.09375 0.2671875
7 0.5515625 0.54921875 0.1171875 0.4015625
7 0.1875 0.5609375 0.134375 0.7234375
7 0.8484375 0.65234375 0.1453125 0.48125
4 0.8140625 0.67890625 0.021875 0.034375
5 0.1890625 0.0984375 0.0671875 0.0671875