7 0.2375 0.70703125 0.2 0.440625
6 0.41640625 0.5 0.0609375 0.325
6 0.2546875 0.65546875 0.2578125 0.6890625
6 0.51484375 0.4796875 0.078125 0.334375
6 0.6171875 0.4625 0.078125 0.29375
6 0.9234375 0.42421875 0.0546875 0.275
3 0.41015625 0.63984375 0.0171875 0.0390625
3 0.4296875 0.621875 0.028125 0.0359375
3 0.3453125 0.61796875 0.0359375 0.04375
3 0.5078125 0.59765625 0.025 0.0453125
3 0.525 0.6203125 0.0203125 0.04375
3 0.60390625 0.56875 0.0234375 0.04375
3 0.7015625 0.59765625 0.0234375 0.05