6 0.61015625 0.4625 0.0796875 0.284375
6 0.3328125 0.47578125 0.0546875 0.35625
6 0.4140625 0.478125 0.0734375 0.315625
6 0.5171875 0.48203125 0.0609375 0.3421875
6 0.2515625 0.653125 0.2234375 0.684375
7 0.24765625 0.6953125 0.1953125 0.45
6 0.15859375 0.40859375 0.078125 0.1953125
6 0.92734375 0.4375 0.0546875 0.2796875
3 0.41015625 0.6359375 0.0234375 0.04375
3 0.4296875 0.6203125 0.025 0.04375
3 0.5078125 0.60859375 0.0234375 0.0390625
3 0.5234375 0.6265625 0.0234375 0.05
3 0.6015625 0.56875 0.028125 0.0625
3 0.70234375 0.59296875 0.0296875 0.053125