7 0.4578125 0.5984375 0.0234375 0.078125
7 0.484375 0.62421875 0.028125 0.075
7 0.5234375 0.60703125 0.025 0.109375
7 0.60078125 0.646875 0.028125 0.0890625
7 0.18203125 0.403125 0.021875 0.046875
5 0.45625 0.5453125 0.0140625 0.0203125
5 0.4859375 0.56796875 0.015625 0.0171875
5 0.51484375 0.53203125 0.015625 0.0234375
3 0.440625 0.69140625 0.0109375 0.0234375
3 0.46328125 0.6859375 0.0140625 0.0234375
3 0.46171875 0.70703125 0.009375 0.0171875
3 0.4890625 0.7109375 0.0140625 0.0265625
3 0.51328125 0.684375 0.0125 0.0234375
3 0.52421875 0.68984375 0.015625 0.0265625
7 0.346875 0.54140625 0.0171875 0.05625
7 0.36796875 0.54296875 0.0203125 0.0671875
7 0.38359375 0.5390625 0.01875 0.0671875