7 0.45859375 0.59609375 0.0234375 0.078125
7 0.4890625 0.61875 0.028125 0.075
7 0.5265625 0.60703125 0.03125 0.125
7 0.6125 0.6421875 0.025 0.0828125
7 0.17734375 0.40078125 0.0203125 0.0421875
5 0.4609375 0.54453125 0.0140625 0.01875
5 0.490625 0.56796875 0.0125 0.0203125
5 0.52109375 0.52890625 0.0171875 0.0171875
3 0.45390625 0.68828125 0.0140625 0.0234375
3 0.46953125 0.6890625 0.01875 0.021875
3 0.48203125 0.7140625 0.0125 0.0203125
3 0.48828125 0.7015625 0.0171875 0.0203125
3 0.5171875 0.6953125 0.0203125 0.025
3 0.58984375 0.734375 0.01875 0.0328125
3 0.61796875 0.73203125 0.015625 0.0234375
3 0.53515625 0.68046875 0.015625 0.0234375