7 0.45546875 0.61640625 0.028125 0.075
7 0.4328125 0.58515625 0.0234375 0.0703125
7 0.57109375 0.66796875 0.0296875 0.0875
7 0.5 0.6046875 0.0328125 0.1171875
5 0.43515625 0.53359375 0.01875 0.025
5 0.4953125 0.521875 0.0203125 0.0203125
5 0.459375 0.565625 0.0171875 0.0203125
3 0.42578125 0.67734375 0.015625 0.025
3 0.44375 0.70546875 0.015625 0.028125
3 0.47109375 0.69609375 0.0140625 0.0265625
3 0.48671875 0.68125 0.015625 0.0265625
3 0.5171875 0.66875 0.0203125 0.025
3 0.55546875 0.784375 0.0140625 0.028125
3 0.57734375 0.75703125 0.015625 0.028125
7 0.1953125 0.4 0.0203125 0.046875