7 0.35234375 0.5734375 0.0453125 0.1203125
7 0.41171875 0.6125 0.046875 0.1171875
7 0.4671875 0.490625 0.0515625 0.1765625
7 0.19609375 0.51953125 0.0609375 0.10625
7 0.03046875 0.76640625 0.0609375 0.1265625
3 0.3546875 0.72421875 0.0265625 0.040625
3 0.371875 0.7109375 0.0234375 0.04375
5 0.35234375 0.4890625 0.0265625 0.0375
5 0.41171875 0.528125 0.0265625 0.04375
5 0.4734375 0.38046875 0.028125 0.034375
3 0.45234375 0.6234375 0.0203125 0.0328125
3 0.49140625 0.5734375 0.0171875 0.046875
4 0.059375 0.76640625 0.0171875 0.04375