7 0.3515625 0.54296875 0.034375 0.0890625
7 0.3953125 0.56640625 0.0453125 0.1078125
7 0.42734375 0.49609375 0.040625 0.1390625
7 0.790625 0.7203125 0.0515625 0.1328125
3 0.34453125 0.671875 0.015625 0.0359375
3 0.3796875 0.6375 0.021875 0.0265625
3 0.396875 0.6921875 0.01875 0.028125
3 0.43671875 0.59453125 0.01875 0.021875
5 0.3546875 0.4734375 0.021875 0.03125
5 0.43203125 0.409375 0.0265625 0.0296875
5 0.39609375 0.50390625 0.021875 0.025
3 0.78125 0.9015625 0.025 0.0515625
7 0.29609375 0.34765625 0.0234375 0.071875
7 0.32109375 0.36015625 0.021875 0.0640625