5 0.4625 0.4703125 0.0140625 0.01875
5 0.41640625 0.5265625 0.01875 0.0265625
5 0.4015625 0.49140625 0.0125 0.0203125
7 0.61953125 0.67890625 0.03125 0.09375
7 0.4125 0.5765625 0.0234375 0.0671875
7 0.39375 0.54375 0.025 0.0734375
7 0.4671875 0.54140625 0.028125 0.1046875
7 0.4125 0.47734375 0.0203125 0.0515625
7 0.2203125 0.36796875 0.0203125 0.0421875
3 0.6125 0.80625 0.015625 0.03125
3 0.43671875 0.65625 0.015625 0.0203125
3 0.403125 0.67109375 0.01875 0.0234375
3 0.484375 0.625 0.0125 0.03125
3 0.45625 0.63359375 0.0125 0.0296875
3 0.39296875 0.6453125 0.0171875 0.0203125
3 0.41171875 0.64453125 0.0171875 0.0171875
3 0.6265625 0.78671875 0.0109375 0.0125