7 0.353125 0.56796875 0.0453125 0.1171875
7 0.409375 0.6046875 0.04375 0.1125
7 0.4640625 0.496875 0.0484375 0.175
7 0.18203125 0.54296875 0.0578125 0.1078125
3 0.33671875 0.728125 0.021875 0.0359375
3 0.37421875 0.69765625 0.0234375 0.028125
3 0.42421875 0.72421875 0.01875 0.028125
5 0.3546875 0.490625 0.03125 0.040625
5 0.4078125 0.5296875 0.0265625 0.04375
5 0.471875 0.38671875 0.01875 0.040625
4 0.02265625 0.80390625 0.015625 0.0421875
3 0.47421875 0.6046875 0.0234375 0.034375
3 0.45390625 0.60078125 0.0171875 0.03125