7 0.15234375 0.38515625 0.0125 0.0375
7 0.51484375 0.57890625 0.0203125 0.0671875
7 0.553125 0.59765625 0.028125 0.065625
7 0.6609375 0.57578125 0.0265625 0.06875
7 0.56171875 0.5546875 0.0328125 0.071875
7 0.33359375 0.55 0.021875 0.0703125
7 0.34921875 0.5484375 0.025 0.0703125
5 0.515625 0.52890625 0.015625 0.0203125
5 0.5640625 0.49296875 0.0171875 0.0265625
5 0.5578125 0.55 0.0109375 0.028125
3 0.50546875 0.66640625 0.021875 0.0203125
3 0.52109375 0.6515625 0.0078125 0.0234375
3 0.540625 0.68125 0.0125 0.025
3 0.5640625 0.67109375 0.0125 0.0203125