7 0.346875 0.56640625 0.0484375 0.10625
7 0.40703125 0.6015625 0.04375 0.1171875
7 0.45546875 0.5046875 0.0375 0.171875
5 0.34140625 0.48359375 0.0234375 0.0375
5 0.409375 0.53203125 0.0234375 0.040625
5 0.45703125 0.4046875 0.01875 0.0375
7 0.9125 0.6953125 0.0546875 0.11875
3 0.35078125 0.70078125 0.0234375 0.03125
3 0.39140625 0.73046875 0.0140625 0.034375
3 0.42109375 0.72578125 0.021875 0.040625
3 0.44609375 0.61015625 0.0171875 0.034375
3 0.4703125 0.59765625 0.0265625 0.03125
3 0.87265625 0.8046875 0.028125 0.0421875