7 0.48359375 0.58671875 0.025 0.0625
7 0.53125 0.609375 0.025 0.0625
7 0.64609375 0.59609375 0.025 0.078125
7 0.5453125 0.5703125 0.03125 0.0890625
7 0.1546875 0.39296875 0.021875 0.040625
3 0.47890625 0.67109375 0.0125 0.0234375
3 0.50546875 0.6671875 0.0203125 0.015625
3 0.52265625 0.7015625 0.015625 0.01875
3 0.540625 0.67890625 0.0125 0.0234375
5 0.49453125 0.53671875 0.0171875 0.0171875
5 0.53203125 0.5609375 0.0125 0.0203125
5 0.54765625 0.51328125 0.0109375 0.0296875
7 0.315625 0.58828125 0.0234375 0.0578125
7 0.33671875 0.55 0.0234375 0.0625
7 0.353125 0.540625 0.015625 0.0703125