5 0.34921875 0.48828125 0.0234375 0.0390625
5 0.4078125 0.53125 0.0234375 0.046875
5 0.46640625 0.396875 0.0234375 0.034375
7 0.35234375 0.5734375 0.0515625 0.1234375
7 0.40625 0.6015625 0.040625 0.1171875
7 0.4953125 0.5921875 0.0046875 0.0015625
7 0.4625 0.50703125 0.0515625 0.171875
3 0.3984375 0.746875 0.0234375 0.04375
3 0.43359375 0.70625 0.021875 0.034375
3 0.3484375 0.7171875 0.01875 0.04375
3 0.365625 0.66015625 0.0140625 0.05
7 0.9484375 0.67265625 0.0609375 0.153125
7 0.7890625 0.33828125 0.0265625 0.0609375
3 0.88984375 0.8125 0.021875 0.028125
3 0.9296875 0.859375 0.040625 0.0359375
3 0.4546875 0.61953125 0.0234375 0.0421875