7 0.15703125 0.38671875 0.0203125 0.04375
7 0.50078125 0.578125 0.0203125 0.0671875
7 0.54296875 0.6 0.025 0.0734375
7 0.65234375 0.5890625 0.021875 0.065625
7 0.55625 0.56015625 0.03125 0.0796875
3 0.484375 0.66328125 0.0125 0.0203125
3 0.5046875 0.6625 0.0140625 0.0171875
3 0.53828125 0.68828125 0.0203125 0.0359375
5 0.50546875 0.52890625 0.0140625 0.0234375
5 0.5546875 0.50390625 0.021875 0.01875
7 0.29921875 0.6046875 0.028125 0.0640625
7 0.35 0.5453125 0.0203125 0.0640625
7 0.3296875 0.54375 0.021875 0.053125
5 0.54453125 0.55 0.0109375 0.021875