7 0.184375 0.40234375 0.0171875 0.0484375
7 0.44765625 0.59609375 0.021875 0.065625
7 0.47265625 0.615625 0.025 0.075
7 0.515625 0.596875 0.028125 0.0828125
7 0.5890625 0.66328125 0.0234375 0.0921875
7 0.35390625 0.54765625 0.0171875 0.0625
7 0.37734375 0.534375 0.021875 0.059375
5 0.453125 0.54453125 0.0140625 0.0328125
5 0.5140625 0.5296875 0.015625 0.0203125
5 0.478125 0.565625 0.0125 0.0234375
3 0.4453125 0.6921875 0.01875 0.0203125
3 0.4625 0.71171875 0.0203125 0.01875
3 0.49296875 0.709375 0.0203125 0.0234375
3 0.50546875 0.690625 0.0203125 0.028125
3 0.5296875 0.684375 0.01875 0.028125
3 0.5703125 0.76171875 0.015625 0.0234375
3 0.59453125 0.7484375 0.0109375 0.021875