5 0.95546875 0.1453125 0.084375 0.13125
5 0.22578125 0.15234375 0.0859375 0.115625
5 0.0984375 0.16796875 0.0890625 0.115625
5 0.6296875 0.18984375 0.1515625 0.1859375
5 0.7828125 0.23828125 0.09375 0.128125
5 0.54453125 0.28125 0.065625 0.1015625
5 0.453125 0.290625 0.0828125 0.115625
5 0.35546875 0.296875 0.0765625 0.1328125
5 0.85078125 0.3578125 0.084375 0.134375
5 0.1140625 0.3609375 0.084375 0.1078125
5 0.9515625 0.3890625 0.0921875 0.1375
5 0.015625 0.39921875 0.03125 0.1453125
5 0.459375 0.5515625 0.0875 0.1546875
5 0.8484375 0.553125 0.065625 0.1078125
5 0.10078125 0.55859375 0.0671875 0.1015625
5 0.946875 0.56015625 0.0921875 0.1328125
5 0.01953125 0.5796875 0.0390625 0.1640625
5 0.7453125 0.07109375 0.0859375 0.1296875
5 0.09140625 0.8140625 0.0484375 0.1515625
5 0.02265625 0.8296875 0.0453125 0.178125
5 0.47578125 0.08671875 0.0875 0.1296875
2 0.60078125 0.11171875 0.2078125 0.2234375
5 0.34375 0.11796875 0.0890625 0.1234375