5 0.196875 0.2546875 0.1640625 0.178125
5 0.07109375 0.2671875 0.1421875 0.1359375
5 0.9546875 0.4234375 0.0875 0.2453125
5 0.06953125 0.05078125 0.1390625 0.1015625
5 0.62265625 0.525 0.1828125 0.240625
5 0.07578125 0.553125 0.128125 0.15
5 0.79921875 0.56015625 0.209375 0.259375
5 0.1984375 0.0578125 0.15625 0.115625
5 0.5515625 0.7640625 0.2484375 0.271875
2 0.6390625 0.8015625 0.3140625 0.396875
5 0.06875 0.896875 0.128125 0.2015625
5 0.80390625 0.9171875 0.1765625 0.1609375
5 0.796875 0.1265625 0.1953125 0.2515625
5 0.61875 0.1265625 0.1765625 0.1953125
5 0.484375 0.12734375 0.128125 0.178125