5 0.17265625 0.3984375 0.025 0.025
5 0.24765625 0.5921875 0.0234375 0.0140625
5 0.60546875 0.525 0.0328125 0.0359375
5 0.665625 0.665625 0.028125 0.0296875
5 0.83828125 0.6375 0.025 0.028125
5 0.87265625 0.48984375 0.0328125 0.0328125
7 0.17421875 0.446875 0.028125 0.034375
7 0.24921875 0.63984375 0.0328125 0.0421875
7 0.58671875 0.5796875 0.0296875 0.0671875
7 0.61796875 0.68671875 0.03125 0.0703125
7 0.6609375 0.721875 0.0390625 0.08125
7 0.83671875 0.7 0.04375 0.075
6 0.17734375 0.46640625 0.0359375 0.153125
7 0.86484375 0.53828125 0.0328125 0.05
6 0.24921875 0.65234375 0.06875 0.14375
6 0.58515625 0.58671875 0.0359375 0.175
6 0.621875 0.70078125 0.0265625 0.1453125
6 0.6640625 0.7390625 0.0484375 0.18125
6 0.83125 0.70546875 0.0625 0.165625
6 0.871875 0.5453125 0.0515625 0.1375