6 0.57265625 0.303125 0.11875 0.4078125
6 0.221875 0.4546875 0.16875 0.69375
6 0.50390625 0.48359375 0.15 0.540625
6 0.3359375 0.48984375 0.1640625 0.625
7 0.21875 0.49375 0.1625 0.375
7 0.8296875 0.503125 0.16875 0.4375
6 0.67265625 0.509375 0.1171875 0.621875
7 0.334375 0.5421875 0.1359375 0.3703125
6 0.83359375 0.54453125 0.1765625 0.9109375
5 0.56796875 0.13515625 0.0890625 0.090625
5 0.82109375 0.146875 0.103125 0.090625
5 0.22890625 0.15625 0.0984375 0.090625
5 0.36328125 0.21015625 0.0859375 0.090625
5 0.67421875 0.240625 0.096875 0.090625
5 0.5078125 0.265625 0.1 0.09375