6 0.0828125 0.7921875 0.0921875 0.33125
5 0.378125 0.81796875 0.0859375 0.0625
6 0.18359375 0.8296875 0.1421875 0.30625
5 0.35625 0.91640625 0.1359375 0.1671875
5 0.521875 0.98125 0.1234375 0.0375
5 0.51171875 0.31015625 0.115625 0.134375
5 0.25859375 0.31484375 0.09375 0.0859375
5 0.3671875 0.33671875 0.1015625 0.1015625
6 0.59140625 0.45234375 0.128125 0.2703125
6 0.68671875 0.475 0.078125 0.3609375
6 0.36796875 0.50703125 0.1109375 0.3953125
6 0.24375 0.53828125 0.1359375 0.5609375
6 0.78984375 0.5484375 0.1796875 0.509375
6 0.46875 0.590625 0.1234375 0.696875
6 0.95 0.63515625 0.1 0.3359375
6 0.0171875 0.64921875 0.034375 0.53125
5 0.08984375 0.684375 0.0703125 0.1234375
5 0.1734375 0.71953125 0.09375 0.13125