5 0.74609375 0.25546875 0.0609375 0.0671875
5 0.8890625 0.26015625 0.04375 0.053125
5 0.4609375 0.31640625 0.0359375 0.0375
5 0.5203125 0.31640625 0.03125 0.0375
5 0.3984375 0.33125 0.028125 0.03125
5 0.4265625 0.33203125 0.034375 0.0375
5 0.34765625 0.34921875 0.0484375 0.0484375
5 0.1578125 0.3765625 0.0609375 0.0640625
7 0.9078125 0.38984375 0.0796875 0.1578125
6 0.39453125 0.41015625 0.0265625 0.1984375
7 0.3984375 0.421875 0.025 0.115625
7 0.77265625 0.428125 0.075 0.1984375
7 0.515625 0.4375 0.04375 0.15625
7 0.4671875 0.446875 0.04375 0.15625
7 0.4296875 0.46015625 0.05625 0.16875
6 0.90546875 0.465625 0.084375 0.4609375
6 0.5203125 0.4703125 0.0578125 0.35
7 0.35625 0.47109375 0.0578125 0.1515625
6 0.4703125 0.4859375 0.0484375 0.3671875
6 0.7640625 0.50234375 0.096875 0.55625
6 0.4328125 0.51640625 0.053125 0.403125
7 0.196875 0.5453125 0.0484375 0.203125
6 0.3546875 0.55078125 0.0609375 0.440625
7 0.15234375 0.57890625 0.065625 0.2375
6 0.17890625 0.65234375 0.125 0.625
5 0.0703125 0.7375 0.0546875 0.0578125
3 0.5453125 0.6359375 0.0359375 0.0375
3 0.52265625 0.65 0.028125 0.034375
3 0.1921875 0.9453125 0.0609375 0.0609375
3 0.21328125 0.89296875 0.053125 0.0515625
3 0.3734375 0.75546875 0.0390625 0.04375
3 0.41171875 0.74140625 0.05 0.0421875
3 0.44296875 0.71328125 0.0296875 0.040625
3 0.46171875 0.70078125 0.0375 0.034375