5 0.4328125 0.396875 0.015625 0.0203125
5 0.37578125 0.40390625 0.0171875 0.0171875
5 0.4890625 0.421875 0.0171875 0.021875
6 0.434375 0.43046875 0.028125 0.090625
5 0.44140625 0.44296875 0.0171875 0.0203125
5 0.3828125 0.45625 0.015625 0.0203125
6 0.36875 0.46484375 0.0234375 0.15625
6 0.496875 0.49140625 0.0484375 0.16875
6 0.44296875 0.51875 0.03125 0.16875
6 0.3875 0.52265625 0.0375 0.153125
3 0.45546875 0.590625 0.01875 0.025
3 0.4890625 0.56015625 0.0140625 0.0203125
3 0.509375 0.55625 0.0171875 0.025
3 0.4296875 0.58203125 0.0140625 0.025
3 0.39453125 0.5859375 0.0125 0.0203125
3 0.384375 0.59375 0.0125 0.028125
3 0.365625 0.53671875 0.015625 0.0203125