5 0.7765625 0.140625 0.015625 0.0234375
5 0.88203125 0.15078125 0.0125 0.0171875
5 0.859375 0.1546875 0.0265625 0.0375
7 0.7765625 0.1734375 0.0203125 0.040625
7 0.88203125 0.1859375 0.015625 0.040625
6 0.884375 0.18828125 0.028125 0.0921875
6 0.7734375 0.19375 0.0421875 0.121875
7 0.8578125 0.2203125 0.0328125 0.0765625
6 0.8515625 0.253125 0.04375 0.2234375
5 0.384375 0.50625 0.0796875 0.1046875
7 0.20625 0.584375 0.1015625 0.084375
6 0.17421875 0.63203125 0.14375 0.2015625
5 0.13984375 0.64921875 0.075 0.1046875
4 0.246875 0.65703125 0.040625 0.071875
6 0.3921875 0.721875 0.1875 0.540625
7 0.421875 0.75078125 0.1203125 0.240625