5 0.8 0.17734375 0.0828125 0.0828125
5 0.65703125 0.2828125 0.0625 0.059375
5 0.40390625 0.30703125 0.0421875 0.0515625
5 0.52890625 0.35234375 0.0515625 0.0609375
7 0.82890625 0.43203125 0.153125 0.3203125
7 0.428125 0.45390625 0.0875 0.178125
4 0.575 0.45546875 0.0375 0.0671875
7 0.6734375 0.49375 0.10625 0.2609375
7 0.553125 0.5171875 0.0953125 0.2125
4 0.63359375 0.52890625 0.05 0.0515625
6 0.4265625 0.5296875 0.165625 0.5015625
4 0.40703125 0.53984375 0.034375 0.0359375
6 0.85234375 0.5734375 0.2453125 0.8515625
6 0.540625 0.58984375 0.153125 0.5328125
6 0.67578125 0.59453125 0.1796875 0.646875
4 0.49140625 0.5984375 0.0296875 0.06875
4 0.60234375 0.61875 0.021875 0.0484375
4 0.946875 0.65546875 0.0546875 0.1046875
3 0.37109375 0.7578125 0.05625 0.0484375
3 0.48125 0.72109375 0.0484375 0.0484375
3 0.4953125 0.84296875 0.0671875 0.05
3 0.590625 0.78828125 0.0515625 0.065625
3 0.61484375 0.88515625 0.0828125 0.071875
3 0.74296875 0.8546875 0.0515625 0.0953125
3 0.78046875 0.96484375 0.1125 0.0703125
3 0.8734375 0.91875 0.0546875 0.0984375