5 0.05625 0.35546875 0.021875 0.0234375
7 0.38203125 0.41875 0.13125 0.315625
7 0.04921875 0.4296875 0.0484375 0.0953125
6 0.05 0.45859375 0.071875 0.2484375
6 0.21171875 0.4890625 0.1765625 0.8890625
6 0.378125 0.52734375 0.1234375 0.825
5 0.25234375 0.08125 0.0671875 0.0921875
5 0.38359375 0.15625 0.096875 0.0828125
7 0.21640625 0.31171875 0.134375 0.2609375
3 0.15078125 0.87109375 0.075 0.1125
3 0.25234375 0.88046875 0.0546875 0.115625
3 0.34453125 0.87734375 0.0984375 0.128125
3 0.40703125 0.89296875 0.0859375 0.1375