5 0.23203125 0.3671875 0.028125 0.0234375
5 0.26796875 0.40703125 0.028125 0.015625
5 0.44921875 0.37890625 0.0265625 0.025
5 0.528125 0.3953125 0.0265625 0.021875
5 0.584375 0.38671875 0.0203125 0.01875
5 0.75390625 0.3984375 0.0375 0.0234375
7 0.29921875 0.47734375 0.0578125 0.0859375
7 0.23046875 0.41015625 0.0484375 0.0375
7 0.45625 0.46640625 0.040625 0.1
7 0.48671875 0.45234375 0.01875 0.0921875
7 0.5328125 0.4390625 0.0421875 0.0484375
7 0.584375 0.4328125 0.0421875 0.053125
7 0.7625 0.45703125 0.034375 0.078125
6 0.2265625 0.40390625 0.053125 0.134375
6 0.29609375 0.5375 0.0765625 0.275
6 0.45078125 0.5140625 0.0359375 0.290625
6 0.48359375 0.46015625 0.028125 0.1765625
6 0.5296875 0.471875 0.04375 0.1875
6 0.5859375 0.453125 0.0453125 0.153125
6 0.74921875 0.496875 0.053125 0.215625
3 0.4171875 0.6578125 0.040625 0.028125
3 0.45078125 0.65234375 0.0390625 0.0296875
3 0.51796875 0.54296875 0.0203125 0.03125
3 0.5375 0.55546875 0.0234375 0.0203125
3 0.7484375 0.5828125 0.0390625 0.03125