7 0.54296875 0.21328125 0.0953125 0.14375
6 0.5359375 0.26875 0.1296875 0.2484375
4 0.7296875 0.27734375 0.04375 0.0421875
5 0.54296875 0.32734375 0.0578125 0.0828125
5 0.8203125 0.334375 0.0640625 0.090625
7 0.8703125 0.35 0.084375 0.178125
6 0.828125 0.35390625 0.2296875 0.2390625
5 0.06171875 0.4078125 0.0421875 0.0796875
6 0.12265625 0.40859375 0.190625 0.1859375
7 0.14296875 0.42890625 0.0921875 0.1015625
5 0.64296875 0.45546875 0.0546875 0.0828125
7 0.5609375 0.5296875 0.096875 0.1765625
6 0.58671875 0.54296875 0.175 0.2359375