7 0.315625 0.30859375 0.065625 0.075
7 0.5078125 0.31484375 0.04375 0.071875
6 0.22109375 0.3203125 0.078125 0.209375
6 0.30546875 0.35 0.08125 0.1984375
6 0.503125 0.3515625 0.0921875 0.15
5 0.8125 0.47109375 0.03125 0.0328125
7 0.8078125 0.534375 0.046875 0.0890625
6 0.790625 0.6046875 0.0796875 0.296875
3 0.246875 0.39765625 0.0296875 0.0671875
3 0.203125 0.3546875 0.0265625 0.0640625
3 0.30078125 0.4109375 0.03125 0.0484375
3 0.3328125 0.42578125 0.021875 0.065625
3 0.51875 0.39609375 0.025 0.0421875
3 0.53515625 0.4046875 0.0203125 0.046875
3 0.7578125 0.7 0.0375 0.0296875