5 0.409375 0.2125 0.06875 0.065625
5 0.72890625 0.26796875 0.0546875 0.0859375
6 0.9703125 0.26875 0.046875 0.10625
7 0.8359375 0.33046875 0.1640625 0.1953125
4 0.3234375 0.33515625 0.0484375 0.0546875
7 0.37890625 0.3796875 0.0953125 0.21875
4 0.45703125 0.41953125 0.046875 0.0609375
6 0.36953125 0.4625 0.15 0.5625
6 0.83125 0.49296875 0.2453125 0.5265625
4 0.8125 0.5203125 0.0359375 0.0546875
3 0.30859375 0.73359375 0.04375 0.0578125
3 0.409375 0.71953125 0.0640625 0.0625
3 0.87578125 0.7203125 0.1 0.075