5 0.68671875 0.50078125 0.021875 0.0265625
5 0.5078125 0.46875 0.01875 0.0171875
5 0.87890625 0.45234375 0.021875 0.025
5 0.45546875 0.4953125 0.0125 0.0125
5 0.72421875 0.478125 0.0125 0.0109375
5 0.31328125 0.45 0.0078125 0.009375
7 0.309375 0.4671875 0.0109375 0.015625
7 0.459375 0.5078125 0.0078125 0.0171875
7 0.50546875 0.49765625 0.015625 0.034375
7 0.84765625 0.4953125 0.040625 0.08125
7 0.72109375 0.50234375 0.0125 0.021875
7 0.68671875 0.5265625 0.0453125 0.034375
6 0.3109375 0.4625 0.021875 0.0484375
6 0.45703125 0.509375 0.025 0.046875
6 0.50625 0.5109375 0.028125 0.0984375
6 0.68984375 0.565625 0.05 0.153125
6 0.8421875 0.53828125 0.0671875 0.2015625
3 0.7 0.63125 0.021875 0.028125
3 0.66328125 0.63125 0.0234375 0.025
3 0.4921875 0.55234375 0.0109375 0.0203125
3 0.509375 0.559375 0.0109375 0.0109375