7 0.44765625 0.30234375 0.115625 0.271875
7 0.20234375 0.44296875 0.128125 0.2796875
6 0.44140625 0.46484375 0.125 0.834375
5 0.3296875 0.53828125 0.0546875 0.071875
6 0.2046875 0.55625 0.1265625 0.628125
6 0.3578125 0.665625 0.1109375 0.334375
5 0.52734375 0.8078125 0.059375 0.146875
6 0.60078125 0.84921875 0.20625 0.2125
5 0.43359375 0.10078125 0.0578125 0.084375
3 0.16875 0.85078125 0.053125 0.0640625
3 0.20859375 0.84765625 0.059375 0.0578125
3 0.4640625 0.83203125 0.059375 0.0984375
3 0.42265625 0.83828125 0.046875 0.0671875