6 0.44453125 0.346875 0.2046875 0.40625
6 0.71640625 0.3515625 0.1765625 0.3140625
6 0.13671875 0.35546875 0.2734375 0.378125
6 0.64609375 0.6140625 0.2984375 0.509375
6 0.3125 0.625 0.35 0.621875
6 0.16796875 0.084375 0.1015625 0.16875
6 0.34296875 0.09296875 0.1234375 0.18125
6 0.51953125 0.0984375 0.1203125 0.1921875
6 0.70234375 0.1140625 0.1578125 0.221875
6 0.2484375 0.18359375 0.153125 0.2671875
6 0.88359375 0.18359375 0.1765625 0.278125
6 0.48203125 0.1875 0.1359375 0.209375
6 0.64765625 0.1984375 0.1765625 0.2640625