5 0.28515625 0.5359375 0.0421875 0.0328125
5 0.42265625 0.5453125 0.0390625 0.0328125
5 0.63125 0.546875 0.034375 0.0359375
5 0.70234375 0.5484375 0.0390625 0.0390625
5 0.35390625 0.55078125 0.0390625 0.0328125
5 0.56875 0.5859375 0.034375 0.0359375
6 0.28203125 0.721875 0.0796875 0.4171875
6 0.3546875 0.7328125 0.065625 0.4140625
6 0.425 0.7328125 0.0703125 0.4265625
6 0.6359375 0.7375 0.0640625 0.4421875
6 0.7078125 0.74609375 0.071875 0.4234375
6 0.496875 0.74921875 0.075 0.3984375
6 0.5703125 0.75703125 0.06875 0.3953125
3 0.2546875 0.9171875 0.0390625 0.0421875
3 0.29921875 0.921875 0.034375 0.0421875
3 0.3390625 0.925 0.0390625 0.0390625
3 0.37265625 0.928125 0.0296875 0.0421875
3 0.41015625 0.93984375 0.025 0.0546875
3 0.44375 0.93125 0.034375 0.0390625
3 0.47734375 0.9328125 0.0328125 0.0453125
3 0.51171875 0.9296875 0.034375 0.0453125
3 0.55234375 0.93515625 0.0328125 0.0421875
3 0.58671875 0.94296875 0.03125 0.0515625
3 0.6171875 0.93359375 0.0328125 0.0546875
3 0.653125 0.93984375 0.0296875 0.0484375
3 0.68671875 0.93671875 0.034375 0.0515625
3 0.7203125 0.93828125 0.028125 0.0578125