5 0.1515625 0.24453125 0.0234375 0.028125
6 0.909375 0.2484375 0.040625 0.1046875
6 0.11328125 0.27109375 0.0328125 0.1734375
6 0.18828125 0.27265625 0.0359375 0.146875
5 0.32890625 0.28984375 0.03125 0.021875
6 0.853125 0.3640625 0.0515625 0.3625
6 0.3140625 0.3890625 0.0796875 0.2375
6 0.1578125 0.390625 0.0484375 0.3046875
5 0.61953125 0.40546875 0.0484375 0.0484375
6 0.60859375 0.63515625 0.078125 0.4625
5 0.853125 0.203125 0.0359375 0.0421875
5 0.9046875 0.2109375 0.025 0.0390625
5 0.20859375 0.215625 0.0296875 0.0296875