5 0.2265625 0.27109375 0.0875 0.053125
5 0.58046875 0.27578125 0.0625 0.053125
5 0.80234375 0.28984375 0.0859375 0.0546875
5 0.37109375 0.3 0.0625 0.053125
5 0.4578125 0.30234375 0.0625 0.053125
7 0.603125 0.46796875 0.1140625 0.2203125
7 0.46796875 0.48125 0.1140625 0.2203125
7 0.3484375 0.49453125 0.1140625 0.2203125
7 0.80078125 0.50703125 0.11875 0.2625
7 0.20234375 0.5234375 0.1421875 0.2765625
6 0.6140625 0.57578125 0.1546875 0.6625
6 0.47734375 0.584375 0.128125 0.65
6 0.35234375 0.5921875 0.1046875 0.6421875
4 0.6640625 0.60546875 0.0328125 0.078125
6 0.19296875 0.61640625 0.1578125 0.746875
4 0.534375 0.61640625 0.0359375 0.0640625
6 0.8015625 0.62421875 0.1875 0.75
4 0.728125 0.64921875 0.0359375 0.084375
4 0.08671875 0.653125 0.0609375 0.09375
4 0.8421875 0.66328125 0.0453125 0.090625
4 0.27890625 0.6875 0.0515625 0.0828125
3 0.3375 0.903125 0.071875 0.0640625
3 0.3734375 0.8578125 0.0484375 0.1140625
3 0.44453125 0.88125 0.059375 0.0734375
3 0.54765625 0.89296875 0.0578125 0.078125
3 0.67890625 0.89453125 0.05 0.0765625
3 0.76328125 0.90859375 0.1046875 0.0671875
3 0.8640625 0.96796875 0.059375 0.0640625
3 0.5890625 0.86875 0.0578125 0.0734375