5 0.30390625 0.4375 0.09375 0.16875
5 0.11796875 0.36640625 0.046875 0.04375
5 0.5765625 0.509375 0.0171875 0.01875
5 0.7296875 0.5171875 0.0125 0.0171875
5 0.759375 0.5234375 0.0078125 0.015625
6 0.1046875 0.5484375 0.078125 0.4109375
6 0.31953125 0.6203125 0.21875 0.5515625
6 0.49921875 0.59140625 0.028125 0.1140625
6 0.52421875 0.6046875 0.0234375 0.0921875
6 0.584375 0.57734375 0.0328125 0.1515625
6 0.7265625 0.56484375 0.0234375 0.109375
6 0.759375 0.57421875 0.0234375 0.1109375
6 0.7796875 0.58046875 0.0171875 0.096875
7 0.103125 0.48125 0.071875 0.1609375
7 0.584375 0.546875 0.0234375 0.05625
7 0.32109375 0.51796875 0.2 0.34375
4 0.32265625 0.76796875 0.0546875 0.103125