7 0.44765625 0.33984375 0.121875 0.1796875
7 0.303125 0.35546875 0.1265625 0.1921875
7 0.184375 0.37421875 0.1140625 0.2296875
6 0.4546875 0.4625 0.1484375 0.675
6 0.31875 0.4640625 0.15 0.671875
6 0.19296875 0.4890625 0.134375 0.759375
5 0.2109375 0.15234375 0.084375 0.084375
5 0.4359375 0.17421875 0.071875 0.078125
5 0.3125 0.17734375 0.0640625 0.078125
3 0.23359375 0.83984375 0.1046875 0.065625
3 0.17109375 0.79296875 0.06875 0.065625
3 0.28671875 0.78046875 0.0421875 0.065625
3 0.3796875 0.76484375 0.0703125 0.065625
3 0.4796875 0.76484375 0.0671875 0.06875