5 0.13203125 0.35625 0.0765625 0.0765625
5 0.03203125 0.35625 0.0625 0.1015625
5 0.31640625 0.3765625 0.05625 0.059375
5 0.4703125 0.39140625 0.040625 0.046875
5 0.66796875 0.39765625 0.040625 0.0421875
5 0.525 0.40546875 0.0328125 0.040625
5 0.2 0.43203125 0.06875 0.0765625
5 0.7109375 0.4328125 0.0453125 0.075
5 0.58828125 0.43515625 0.040625 0.040625
5 0.84921875 0.4671875 0.0640625 0.0734375
6 0.5265625 0.61484375 0.059375 0.4828125
6 0.65703125 0.625 0.0609375 0.503125
6 0.4578125 0.634375 0.08125 0.5328125
6 0.0359375 0.65234375 0.071875 0.6953125
6 0.1140625 0.6578125 0.0953125 0.678125
6 0.315625 0.6609375 0.10625 0.6171875
6 0.58828125 0.66171875 0.0703125 0.496875
6 0.70390625 0.68203125 0.075 0.5703125
6 0.2046875 0.7 0.078125 0.6
6 0.84765625 0.71171875 0.109375 0.5703125
3 0.296875 0.9375 0.040625 0.05625
3 0.33515625 0.9234375 0.046875 0.0578125
3 0.42890625 0.87265625 0.0296875 0.046875
3 0.4828125 0.875 0.0390625 0.046875
3 0.5671875 0.86484375 0.046875 0.0484375
3 0.60546875 0.8890625 0.03125 0.0453125
3 0.67109375 0.9140625 0.046875 0.040625
3 0.69921875 0.94375 0.0546875 0.046875