5 0.2875 0.21875 0.0375 0.059375
5 0.3453125 0.61640625 0.0421875 0.04375
5 0.46015625 0.16796875 0.0359375 0.053125
5 0.56328125 0.63984375 0.0375 0.046875
5 0.7453125 0.39140625 0.0375 0.059375
7 0.278125 0.26875 0.0578125 0.0921875
7 0.45703125 0.2234375 0.0515625 0.0828125
7 0.75078125 0.41171875 0.0578125 0.0875
7 0.3546875 0.715625 0.06875 0.1296875
7 0.52109375 0.7046875 0.0875 0.1140625
6 0.27578125 0.31328125 0.125 0.2484375
6 0.45703125 0.259375 0.0828125 0.2359375
6 0.7390625 0.471875 0.1 0.2078125
6 0.3546875 0.7140625 0.1359375 0.2328125
6 0.54140625 0.70625 0.121875 0.171875
3 0.43125 0.34765625 0.0359375 0.05
3 0.47421875 0.35078125 0.034375 0.0625
3 0.3265625 0.809375 0.0453125 0.05
3 0.25078125 0.40859375 0.0359375 0.0640625
3 0.2859375 0.37265625 0.0359375 0.040625
3 0.534375 0.85234375 0.0578125 0.053125
3 0.715625 0.56328125 0.03125 0.05625