4 0.6921875 0.19375 0.0203125 0.059375
4 0.6453125 0.19609375 0.0265625 0.096875
5 0.3796875 0.2109375 0.0546875 0.084375
4 0.440625 0.315625 0.071875 0.053125
7 0.61875 0.32734375 0.1421875 0.3171875
6 0.6234375 0.49296875 0.1765625 0.8859375
6 0.3953125 0.54765625 0.24375 0.809375
4 0.2859375 0.6 0.0484375 0.0703125
5 0.5890625 0.09453125 0.0546875 0.071875
3 0.375 0.953125 0.0625 0.075
3 0.4484375 0.8625 0.046875 0.10625
3 0.621875 0.90234375 0.0515625 0.0953125
3 0.6640625 0.87890625 0.053125 0.125
7 0.40234375 0.44140625 0.1234375 0.275