5 0.12890625 0.42578125 0.05625 0.0578125
5 0.64140625 0.43671875 0.04375 0.0453125
5 0.3671875 0.4515625 0.0375 0.05
5 0.3 0.453125 0.04375 0.0515625
5 0.73984375 0.4578125 0.071875 0.075
5 0.4046875 0.47890625 0.021875 0.0296875
5 0.43125 0.49453125 0.0234375 0.028125
5 0.6125 0.49765625 0.0421875 0.04375
7 0.39609375 0.5203125 0.028125 0.0453125
6 0.3953125 0.5265625 0.01875 0.1265625
6 0.10390625 0.528125 0.1140625 0.278125
7 0.1046875 0.528125 0.0546875 0.1546875
7 0.42109375 0.534375 0.0171875 0.059375
7 0.24375 0.53515625 0.084375 0.1265625
7 0.66484375 0.53515625 0.04375 0.10625
6 0.421875 0.5453125 0.021875 0.1375
6 0.353125 0.55703125 0.03125 0.259375
6 0.25078125 0.5625 0.0953125 0.3140625
6 0.6546875 0.5796875 0.0640625 0.34375
6 0.5765625 0.5828125 0.05 0.2171875
7 0.8 0.5859375 0.1 0.1671875
7 0.60390625 0.58671875 0.0171875 0.0578125
4 0.2625 0.6234375 0.015625 0.040625
6 0.7875 0.634375 0.1484375 0.43125
4 0.303125 0.64375 0.03125 0.046875
4 0.8140625 0.64453125 0.0375 0.0546875
4 0.75078125 0.6953125 0.0390625 0.046875
3 0.025 0.8421875 0.0390625 0.0546875
3 0.2484375 0.76484375 0.0390625 0.040625
3 0.3109375 0.70078125 0.0203125 0.0328125
3 0.34609375 0.70390625 0.0359375 0.0265625
3 0.7671875 0.86171875 0.05625 0.046875