5 0.4328125 0.28125 0.025 0.034375
5 0.35703125 0.29609375 0.0578125 0.0578125
5 0.40859375 0.315625 0.065625 0.0734375
5 0.55546875 0.31875 0.0578125 0.0609375
5 0.03828125 0.3203125 0.0734375 0.10625
5 0.76640625 0.3265625 0.06875 0.0796875
5 0.17734375 0.3328125 0.059375 0.078125
5 0.23515625 0.39375 0.084375 0.115625
6 0.340625 0.5984375 0.0828125 0.6625
6 0.05625 0.6296875 0.109375 0.740625
6 0.5625 0.63828125 0.11875 0.7
6 0.40703125 0.64140625 0.1015625 0.7171875
6 0.15703125 0.6421875 0.0734375 0.6875
6 0.7578125 0.64296875 0.125 0.7140625
6 0.23515625 0.6703125 0.11875 0.65625
3 0.51953125 0.95078125 0.046875 0.0609375
3 0.57734375 0.9484375 0.046875 0.06875
3 0.69609375 0.9734375 0.0578125 0.053125