5 0.475 0.20546875 0.034375 0.0296875
5 0.3953125 0.21953125 0.0609375 0.053125
5 0.446875 0.21953125 0.053125 0.0484375
5 0.53984375 0.2421875 0.0390625 0.0359375
5 0.5046875 0.24453125 0.034375 0.0296875
5 0.7109375 0.2640625 0.0328125 0.0296875
5 0.67421875 0.26484375 0.0359375 0.03125
5 0.74453125 0.26875 0.0421875 0.0375
5 0.8140625 0.2765625 0.0484375 0.04375
6 0.5 0.28046875 0.05 0.146875
5 0.6578125 0.28984375 0.046875 0.0359375
5 0.55234375 0.29921875 0.0546875 0.0390625
6 0.4515625 0.30234375 0.0453125 0.2078125
5 0.89921875 0.31640625 0.0609375 0.05625
6 0.55546875 0.3921875 0.1 0.2203125
6 0.6578125 0.3984375 0.090625 0.265625
7 0.7953125 0.42421875 0.084375 0.13125
6 0.79921875 0.4265625 0.0796875 0.3453125
7 0.4859375 0.4328125 0.0578125 0.125
7 0.65546875 0.4375 0.0703125 0.115625
7 0.38828125 0.44609375 0.1171875 0.253125
7 0.5453125 0.4546875 0.0828125 0.1328125
7 0.89765625 0.51171875 0.1 0.209375
5 0.7640625 0.5125 0.053125 0.046875
5 0.65234375 0.5203125 0.0546875 0.05625
5 0.59375 0.5296875 0.040625 0.05
5 0.56171875 0.53984375 0.0625 0.0625
6 0.384375 0.56015625 0.09375 0.7171875
5 0.49921875 0.56328125 0.0765625 0.0828125
6 0.89609375 0.6015625 0.1 0.6421875
6 0.57421875 0.621875 0.0828125 0.25
7 0.77109375 0.68046875 0.0953125 0.171875
7 0.653125 0.6890625 0.09375 0.1734375
6 0.653125 0.69375 0.0828125 0.3953125
6 0.77265625 0.71328125 0.121875 0.40625
6 0.49453125 0.7578125 0.203125 0.475
7 0.46796875 0.81796875 0.153125 0.259375
3 0.790625 0.921875 0.05 0.103125
3 0.659375 0.896875 0.046875 0.0890625
3 0.91171875 0.90703125 0.05 0.0828125
3 0.840625 0.8671875 0.059375 0.0640625