5 0.41328125 0.1765625 0.071875 0.09375
5 0.20078125 0.25703125 0.0875 0.065625
5 0.37734375 0.3046875 0.0609375 0.0671875
7 0.48125 0.38203125 0.1359375 0.2828125
7 0.18125 0.45 0.1296875 0.2265625
4 0.39140625 0.47109375 0.0453125 0.0578125
7 0.375 0.47734375 0.10625 0.1984375
4 0.33515625 0.47734375 0.0671875 0.0546875
4 0.24921875 0.48203125 0.0546875 0.0734375
6 0.4796875 0.51015625 0.1984375 0.7640625
6 0.3640625 0.5375 0.1125 0.528125
6 0.16328125 0.559375 0.2 0.6625
3 0.08828125 0.88984375 0.0703125 0.0703125
3 0.225 0.88203125 0.078125 0.059375
3 0.3 0.82578125 0.053125 0.0625