5 0.7625 0.51640625 0.0265625 0.034375
4 0.55625 0.54453125 0.028125 0.046875
6 0.59453125 0.5765625 0.0515625 0.2734375
6 0.74296875 0.60625 0.0625 0.2140625
5 0.30859375 0.66875 0.0171875 0.015625
4 0.27265625 0.67734375 0.01875 0.021875
5 0.809375 0.7 0.0203125 0.021875
6 0.30703125 0.73046875 0.03125 0.1421875
5 0.59609375 0.45234375 0.028125 0.0265625
5 0.6078125 0.47734375 0.015625 0.0203125
7 0.5984375 0.5328125 0.0546875 0.0953125
7 0.30703125 0.7046875 0.0328125 0.053125
7 0.7359375 0.5703125 0.05 0.090625
3 0.58515625 0.7078125 0.0265625 0.03125
3 0.60625 0.7078125 0.01875 0.028125
3 0.296875 0.79765625 0.0109375 0.021875