5 0.27734375 0.1671875 0.0453125 0.0328125
5 0.46484375 0.1703125 0.0546875 0.03125
5 0.38671875 0.184375 0.0515625 0.0328125
7 0.37890625 0.29296875 0.09375 0.059375
7 0.26171875 0.35078125 0.059375 0.1890625
7 0.48515625 0.3625 0.078125 0.1671875
6 0.28203125 0.4640625 0.084375 0.6359375
6 0.365625 0.4765625 0.075 0.6234375
6 0.48046875 0.47734375 0.0875 0.6359375
3 0.23203125 0.77734375 0.040625 0.059375
3 0.49921875 0.7796875 0.0609375 0.0546875
3 0.45390625 0.7671875 0.0625 0.0421875
3 0.34921875 0.7796875 0.040625 0.0546875
3 0.3765625 0.77109375 0.0359375 0.046875