5 0.70390625 0.41171875 0.0578125 0.0546875
5 0.496875 0.46015625 0.0296875 0.0375
5 0.37265625 0.4734375 0.0296875 0.034375
5 0.4546875 0.47421875 0.0375 0.0484375
5 0.5828125 0.475 0.025 0.03125
5 0.6265625 0.48359375 0.0390625 0.0359375
5 0.2203125 0.49140625 0.0484375 0.04375
5 0.36328125 0.49921875 0.03125 0.040625
6 0.38828125 0.54296875 0.0546875 0.1734375
7 0.58203125 0.54765625 0.046875 0.09375
7 0.71796875 0.559375 0.1046875 0.20625
7 0.5015625 0.56171875 0.0484375 0.13125
4 0.2609375 0.57578125 0.0265625 0.05
7 0.62109375 0.58515625 0.0609375 0.1484375
7 0.4609375 0.5875 0.0671875 0.1515625
6 0.57890625 0.5953125 0.0453125 0.290625
7 0.21484375 0.6109375 0.075 0.165625
6 0.51015625 0.6171875 0.0625 0.3484375
7 0.36640625 0.6234375 0.0734375 0.140625
4 0.5296875 0.62890625 0.0265625 0.0578125
6 0.6265625 0.63828125 0.0640625 0.3484375
6 0.45859375 0.64453125 0.0734375 0.3890625
4 0.47578125 0.65546875 0.021875 0.05
4 0.65390625 0.65625 0.025 0.0546875
6 0.715625 0.65703125 0.1234375 0.5453125
4 0.74765625 0.6578125 0.0234375 0.0546875
4 0.43203125 0.665625 0.021875 0.0515625
6 0.36953125 0.66796875 0.090625 0.3671875
6 0.2140625 0.67421875 0.1046875 0.40625
4 0.34609375 0.68125 0.025 0.0546875
4 0.16875 0.684375 0.028125 0.0546875
3 0.2296875 0.85390625 0.03125 0.0609375
3 0.3359375 0.80234375 0.028125 0.0453125
3 0.3953125 0.821875 0.0296875 0.0484375
3 0.4734375 0.81875 0.0296875 0.0484375
3 0.4515625 0.784375 0.015625 0.046875
3 0.4890625 0.74609375 0.028125 0.0484375
3 0.6390625 0.7859375 0.028125 0.0484375
3 0.7046875 0.89453125 0.028125 0.0609375
3 0.5078125 0.7640625 0.025 0.0484375
3 0.721875 0.8828125 0.03125 0.053125
4 0.63203125 0.54453125 0.028125 0.0421875
4 0.59375 0.64296875 0.0234375 0.0484375