6 0.159375 0.52109375 0.08125 0.6359375
6 0.47109375 0.68359375 0.1015625 0.2921875
7 0.44765625 0.68984375 0.08125 0.234375
5 0.7375 0.26875 0.028125 0.034375
5 0.63125 0.28828125 0.0390625 0.0921875
5 0.49375 0.2953125 0.04375 0.0609375
7 0.73125 0.34375 0.04375 0.0953125
7 0.45546875 0.36796875 0.0671875 0.1359375
6 0.73359375 0.37265625 0.065625 0.25625
7 0.56875 0.390625 0.06875 0.1734375
7 0.159375 0.40234375 0.071875 0.178125
6 0.4453125 0.43359375 0.1046875 0.3609375
6 0.58984375 0.4796875 0.10625 0.484375
3 0.571875 0.71796875 0.0453125 0.05
3 0.58515625 0.6890625 0.0390625 0.046875
3 0.14140625 0.78671875 0.053125 0.04375
3 0.19140625 0.79375 0.034375 0.0765625
5 0.1625 0.2234375 0.04375 0.0515625