5 0.37265625 0.10703125 0.0625 0.065625
5 0.26015625 0.16484375 0.0640625 0.065625
7 0.52421875 0.31328125 0.128125 0.2546875
7 0.24921875 0.3640625 0.121875 0.246875
6 0.38359375 0.4546875 0.1390625 0.7734375
6 0.52734375 0.45703125 0.15625 0.775
6 0.2328125 0.478125 0.1640625 0.715625
5 0.49453125 0.0984375 0.0703125 0.0484375
3 0.584375 0.8140625 0.0609375 0.0828125
3 0.484375 0.80390625 0.0875 0.078125
3 0.41796875 0.80625 0.0671875 0.0703125
3 0.33984375 0.82109375 0.075 0.0703125
3 0.20859375 0.8265625 0.053125 0.0703125