5 0.21796875 0.140625 0.0234375 0.0328125
5 0.24453125 0.17578125 0.01875 0.028125
5 0.11015625 0.2296875 0.0375 0.034375
5 0.14609375 0.440625 0.040625 0.0421875
5 0.71171875 0.4375 0.0421875 0.0484375
5 0.89609375 0.5625 0.03125 0.0546875
5 0.9734375 0.4640625 0.0421875 0.0515625
5 0.05859375 0.7640625 0.04375 0.0546875
6 0.04453125 0.82265625 0.0875 0.16875
6 0.159375 0.5546875 0.084375 0.2765625
6 0.828125 0.6390625 0.175 0.2015625
6 0.95390625 0.52265625 0.0828125 0.1828125
6 0.68984375 0.55859375 0.0890625 0.284375
6 0.25625 0.228125 0.046875 0.1234375
6 0.11796875 0.31015625 0.0546875 0.184375
6 0.21640625 0.19296875 0.0328125 0.14375