5 0.70625 0.43359375 0.034375 0.0296875
5 0.86953125 0.45 0.0140625 0.0296875
5 0.578125 0.48203125 0.0296875 0.03125
6 0.72890625 0.52734375 0.090625 0.19375
5 0.91953125 0.54296875 0.0328125 0.025
4 0.70390625 0.54296875 0.0203125 0.03125
6 0.8515625 0.54296875 0.0328125 0.2140625
5 0.11640625 0.5625 0.01875 0.04375
6 0.56953125 0.58671875 0.0453125 0.246875
6 0.1609375 0.590625 0.109375 0.090625
6 0.9375 0.6 0.096875 0.146875
5 0.82265625 0.68984375 0.0328125 0.0390625
5 0.67578125 0.7578125 0.040625 0.025
6 0.8109375 0.83515625 0.0640625 0.328125
6 0.68515625 0.8421875 0.075 0.190625
4 0.77421875 0.85859375 0.0375 0.075
5 0.0890625 0.9640625 0.0359375 0.03125
3 0.53359375 0.715625 0.0265625 0.0359375
3 0.221875 0.65859375 0.0328125 0.028125
3 0.58671875 0.715625 0.0390625 0.0359375