5 0.20859375 0.24296875 0.0640625 0.065625
5 0.77578125 0.3 0.04375 0.0484375
5 0.6453125 0.32578125 0.0453125 0.04375
6 0.41484375 0.3265625 0.0671875 0.5390625
5 0.4984375 0.034375 0.0765625 0.0578125
7 0.51171875 0.346875 0.1 0.30625
7 0.41484375 0.38828125 0.0546875 0.275
7 0.3046875 0.403125 0.103125 0.225
7 0.20625 0.42734375 0.0671875 0.15625
5 0.70078125 0.4390625 0.0234375 0.034375
7 0.784375 0.45078125 0.0703125 0.16875
5 0.89453125 0.46796875 0.0171875 0.0265625
7 0.653125 0.471875 0.0625 0.125
6 0.51796875 0.48359375 0.125 0.9609375
6 0.28984375 0.50703125 0.0953125 0.7421875
6 0.2 0.53203125 0.0875 0.634375
7 0.97421875 0.53359375 0.040625 0.0640625
7 0.71015625 0.53984375 0.040625 0.1046875
7 0.9 0.53984375 0.0421875 0.0734375
6 0.79296875 0.54765625 0.1 0.540625
6 0.6453125 0.5546875 0.075 0.4984375
6 0.70703125 0.578125 0.0453125 0.3203125
6 0.975 0.578125 0.05 0.240625
6 0.89453125 0.5796875 0.0546875 0.246875
5 0.42578125 0.08671875 0.06875 0.0703125
5 0.2859375 0.16171875 0.0671875 0.05625
3 0.11640625 0.87734375 0.0859375 0.065625
3 0.20859375 0.8734375 0.0671875 0.075
3 0.321875 0.865625 0.0703125 0.0875
3 0.58203125 0.93125 0.059375 0.1171875
3 0.6265625 0.78125 0.0453125 0.065625
3 0.68671875 0.75703125 0.03125 0.0640625
3 0.765625 0.80546875 0.0359375 0.0796875
3 0.80234375 0.7828125 0.0484375 0.0453125
3 0.8984375 0.69296875 0.0171875 0.0453125
3 0.9140625 0.69296875 0.0203125 0.040625
3 0.96953125 0.6859375 0.01875 0.046875
3 0.98671875 0.67265625 0.015625 0.04375
3 0.3765625 0.9671875 0.0703125 0.065625
3 0.52265625 0.8734375 0.0578125 0.1515625