5 0.74296875 0.40234375 0.1359375 0.1203125
5 0.51484375 0.43125 0.1140625 0.075
5 0.25234375 0.434375 0.1171875 0.1
5 0.39609375 0.553125 0.1 0.0796875
6 0.76953125 0.665625 0.234375 0.6546875
6 0.21328125 0.67890625 0.1890625 0.5890625
6 0.55234375 0.6859375 0.190625 0.59375
7 0.2390625 0.69140625 0.1734375 0.3078125
7 0.54453125 0.696875 0.1890625 0.3140625
7 0.76796875 0.7453125 0.215625 0.403125
6 0.3953125 0.75 0.1625 0.4734375
7 0.4 0.821875 0.1578125 0.3171875
4 0.728125 0.93046875 0.090625 0.121875
4 0.1546875 0.95546875 0.0890625 0.0890625