5 0.5234375 0.171875 0.0546875 0.059375
5 0.64140625 0.1875 0.059375 0.0875
5 0.21328125 0.203125 0.0265625 0.034375
5 0.39296875 0.209375 0.0484375 0.078125
5 0.2734375 0.2125 0.0625 0.0875
5 0.4484375 0.21484375 0.059375 0.0671875
5 0.590625 0.2171875 0.0390625 0.046875
5 0.14609375 0.22109375 0.01875 0.0234375
5 0.121875 0.228125 0.01875 0.025
5 0.3421875 0.228125 0.04375 0.06875
5 0.18515625 0.23046875 0.05 0.0671875
5 0.72578125 0.23359375 0.0734375 0.0734375
5 0.07734375 0.23671875 0.01875 0.0234375
6 0.5921875 0.2375 0.0390625 0.084375
5 0.05 0.24375 0.015625 0.021875
5 0.01484375 0.25 0.025 0.021875
6 0.33515625 0.2609375 0.053125 0.140625
6 0.12890625 0.321875 0.034375 0.1875
6 0.046875 0.321875 0.025 0.178125
6 0.0203125 0.34296875 0.0390625 0.2109375
6 0.08359375 0.35234375 0.0421875 0.2421875
6 0.53984375 0.478125 0.090625 0.66875
6 0.3828125 0.4875 0.0828125 0.609375
6 0.184375 0.509375 0.0671875 0.621875
6 0.6453125 0.534375 0.10625 0.759375
6 0.446875 0.55 0.103125 0.740625
6 0.2640625 0.5625 0.1078125 0.7625
6 0.73046875 0.59140625 0.1109375 0.7671875
3 0.27734375 0.91015625 0.05625 0.06875
3 0.2234375 0.94140625 0.0484375 0.059375
3 0.475 0.90234375 0.0671875 0.0671875
3 0.409375 0.84921875 0.034375 0.0703125
3 0.525 0.8109375 0.0359375 0.0625
3 0.5609375 0.81328125 0.0390625 0.0703125
3 0.61875 0.88984375 0.034375 0.0578125
3 0.66328125 0.8046875 0.046875 0.1234375
3 0.7015625 0.9265625 0.046875 0.08125
3 0.375 0.77734375 0.0375 0.0546875
3 0.1765625 0.809375 0.0421875 0.0625
3 0.209375 0.78359375 0.0328125 0.0859375
3 0.3265625 0.715625 0.03125 0.06875