5 0.5140625 0.45078125 0.059375 0.059375
5 0.5921875 0.4640625 0.059375 0.053125
5 0.665625 0.50703125 0.0640625 0.0640625
5 0.42578125 0.51875 0.06875 0.0515625
5 0.74765625 0.534375 0.0640625 0.05625
7 0.5953125 0.653125 0.0828125 0.2078125
7 0.5140625 0.6640625 0.1203125 0.234375
7 0.67734375 0.6734375 0.0859375 0.2
7 0.409375 0.684375 0.10625 0.1953125
7 0.765625 0.7015625 0.0890625 0.2140625
6 0.51171875 0.70390625 0.0921875 0.565625
6 0.590625 0.709375 0.0828125 0.5703125
6 0.684375 0.73046875 0.1125 0.5234375
6 0.7640625 0.73984375 0.1078125 0.515625
6 0.40625 0.74140625 0.115625 0.5078125