5 0.503125 0.59609375 0.0421875 0.04375
7 0.484375 0.6984375 0.06875 0.1359375
5 0.29921875 0.7 0.0375 0.0546875
5 0.6875 0.7203125 0.0390625 0.0390625
5 0.34140625 0.73125 0.0203125 0.0203125
7 0.2546875 0.7375 0.046875 0.0890625
6 0.48828125 0.74609375 0.084375 0.3609375
7 0.7015625 0.7796875 0.071875 0.059375
7 0.33671875 0.79765625 0.0421875 0.0640625
6 0.24296875 0.8015625 0.071875 0.2734375
6 0.7078125 0.80546875 0.1109375 0.228125
6 0.33046875 0.81796875 0.0484375 0.184375
4 0.71015625 0.8421875 0.021875 0.034375
4 0.67265625 0.853125 0.028125 0.034375
3 0.51796875 0.9390625 0.0578125 0.0921875
3 0.440625 0.9078125 0.046875 0.084375