5 0.4046875 0.14140625 0.0609375 0.075
7 0.390625 0.32578125 0.1015625 0.2046875
5 0.75546875 0.41484375 0.05625 0.065625
6 0.396875 0.43046875 0.1328125 0.65625
5 0.57421875 0.43125 0.0234375 0.025
7 0.58203125 0.4859375 0.0390625 0.071875
6 0.5859375 0.4984375 0.071875 0.1671875
7 0.8359375 0.51171875 0.134375 0.1234375
6 0.8015625 0.5453125 0.19375 0.325
3 0.35703125 0.7328125 0.046875 0.0765625
3 0.41796875 0.7 0.0765625 0.046875
3 0.80546875 0.68828125 0.0703125 0.0546875
3 0.60703125 0.56640625 0.0203125 0.0296875
3 0.58203125 0.5671875 0.01875 0.028125