5 0.15234375 0.3859375 0.0203125 0.01875
5 0.19140625 0.36328125 0.0171875 0.01875
5 0.25625 0.353125 0.0140625 0.01875
5 0.32578125 0.3546875 0.015625 0.021875
5 0.3921875 0.3671875 0.015625 0.0140625
6 0.15078125 0.46015625 0.040625 0.1671875
6 0.1953125 0.43515625 0.034375 0.1703125
6 0.259375 0.42421875 0.04375 0.1515625
6 0.33046875 0.4265625 0.040625 0.159375
6 0.4 0.434375 0.04375 0.1484375
3 0.2484375 0.484375 0.01875 0.0265625
3 0.26953125 0.49375 0.0125 0.021875
3 0.33515625 0.4875 0.0125 0.0296875
3 0.3265625 0.49375 0.015625 0.025
3 0.39296875 0.49140625 0.015625 0.025
3 0.40390625 0.5015625 0.0171875 0.0171875