5 0.8 0.25 0.046875 0.04375
5 0.13359375 0.26484375 0.0734375 0.078125
5 0.56953125 0.346875 0.0265625 0.03125
5 0.60078125 0.34921875 0.028125 0.028125
5 0.5265625 0.36015625 0.0328125 0.0390625
5 0.65390625 0.3625 0.0265625 0.0203125
5 0.4828125 0.3703125 0.0328125 0.0390625
5 0.440625 0.37109375 0.0359375 0.046875
5 0.390625 0.375 0.05625 0.0546875
5 0.0296875 0.38359375 0.0328125 0.028125
7 0.8109375 0.39375 0.0640625 0.1640625
5 0.30390625 0.3984375 0.0578125 0.0671875
5 0.22265625 0.41875 0.05 0.084375
7 0.60078125 0.421875 0.028125 0.0734375
7 0.64609375 0.42265625 0.05 0.0703125
6 0.603125 0.425 0.046875 0.1890625
6 0.0375 0.43046875 0.0453125 0.15
7 0.56875 0.43359375 0.0234375 0.0734375
6 0.57421875 0.43515625 0.040625 0.203125
6 0.840625 0.4421875 0.159375 0.459375
6 0.66484375 0.45703125 0.084375 0.253125
6 0.48671875 0.459375 0.0375 0.2328125
6 0.53125 0.46796875 0.0453125 0.2546875
7 0.52734375 0.4703125 0.0453125 0.1375
7 0.47890625 0.47890625 0.0265625 0.1140625
7 0.4421875 0.48046875 0.0328125 0.128125
6 0.3953125 0.4953125 0.06875 0.3
6 0.0203125 0.51875 0.0375 0.4875
7 0.3890625 0.51875 0.0546875 0.1453125
7 0.1390625 0.5234375 0.084375 0.2671875
6 0.44765625 0.5234375 0.0359375 0.3359375
7 0.31640625 0.5390625 0.078125 0.153125
7 0.23203125 0.54765625 0.06875 0.1359375
6 0.24609375 0.54765625 0.096875 0.3109375
6 0.14375 0.590625 0.103125 0.715625
6 0.32421875 0.596875 0.1140625 0.4140625
3 0.17109375 0.89375 0.08125 0.1375
3 0.365625 0.76875 0.0515625 0.125
3 0.3859375 0.7453125 0.04375 0.1125
3 0.41328125 0.72578125 0.034375 0.0953125
3 0.4578125 0.72421875 0.053125 0.103125
3 0.49765625 0.68359375 0.0453125 0.0765625
3 0.52109375 0.64609375 0.03125 0.071875
3 0.53125 0.6375 0.0296875 0.059375
3 0.54921875 0.62734375 0.03125 0.0390625
3 0.5625 0.61171875 0.0265625 0.04375
3 0.57421875 0.61171875 0.025 0.0359375
3 0.67421875 0.55546875 0.028125 0.0390625
3 0.64765625 0.56484375 0.0265625 0.0359375
3 0.63359375 0.5734375 0.028125 0.0390625
3 0.61875 0.59765625 0.0421875 0.046875
3 0.82265625 0.675 0.0265625 0.059375
3 0.7953125 0.65546875 0.0375 0.04375