5 0.44921875 0.4515625 0.0515625 0.0453125
5 0.25546875 0.46328125 0.0875 0.06875
5 0.3265625 0.48828125 0.0390625 0.040625
5 0.65234375 0.496875 0.040625 0.040625
5 0.540625 0.50546875 0.05 0.0484375
5 0.36171875 0.5109375 0.0546875 0.0640625
5 0.60390625 0.5265625 0.0671875 0.08125
6 0.32421875 0.5546875 0.0578125 0.190625
4 0.5203125 0.56484375 0.0390625 0.059375
7 0.65625 0.60859375 0.059375 0.1484375
7 0.453125 0.61796875 0.0875 0.1953125
4 0.4625 0.6234375 0.0390625 0.0375
7 0.546875 0.659375 0.0671875 0.1828125
6 0.6578125 0.6625 0.0734375 0.378125
6 0.44375 0.69296875 0.0859375 0.5390625
7 0.59296875 0.6953125 0.08125 0.2203125
7 0.371875 0.70234375 0.1 0.2390625
7 0.24140625 0.70703125 0.1203125 0.2671875
6 0.24140625 0.71640625 0.1234375 0.5609375
6 0.5359375 0.71640625 0.059375 0.4703125
6 0.359375 0.7390625 0.0890625 0.5109375
6 0.58984375 0.73984375 0.0796875 0.5125
4 0.42421875 0.78828125 0.034375 0.075
4 0.32109375 0.83203125 0.03125 0.0828125
4 0.21875 0.86640625 0.0421875 0.0609375
3 0.45390625 0.9328125 0.05625 0.065625
3 0.403125 0.9515625 0.0390625 0.0796875
3 0.5421875 0.9390625 0.0390625 0.0609375
3 0.66796875 0.83046875 0.028125 0.0578125
3 0.6359375 0.8265625 0.0390625 0.05