5 0.43515625 0.19609375 0.1046875 0.1984375
5 0.1109375 0.2328125 0.08125 0.1546875
7 0.49609375 0.28984375 0.1734375 0.290625
7 0.19921875 0.33046875 0.1515625 0.2609375
6 0.4734375 0.421875 0.2171875 0.7203125
6 0.175 0.43515625 0.209375 0.5578125
4 0.1828125 0.496875 0.0453125 0.0640625
4 0.13125 0.49921875 0.046875 0.075
4 0.44140625 0.509375 0.0421875 0.096875
5 0.6359375 0.51171875 0.109375 0.1578125
4 0.47421875 0.52265625 0.040625 0.1015625
6 0.72421875 0.640625 0.30625 0.4140625
7 0.74296875 0.6765625 0.25 0.2828125
4 0.446875 0.796875 0.0734375 0.1046875