5 0.2265625 0.2015625 0.0359375 0.046875
5 0.50078125 0.2109375 0.0421875 0.0359375
5 0.3 0.2125 0.0359375 0.046875
4 0.4171875 0.22734375 0.025 0.046875
4 0.265625 0.2375 0.025 0.0375
5 0.3671875 0.25078125 0.0359375 0.05625
7 0.2046875 0.296875 0.0453125 0.1109375
7 0.284375 0.315625 0.059375 0.1
7 0.5078125 0.3359375 0.0578125 0.121875
7 0.36953125 0.34375 0.05625 0.1078125
6 0.5140625 0.3671875 0.075 0.3484375
6 0.2796875 0.3734375 0.071875 0.353125
6 0.209375 0.38125 0.05625 0.3875
6 0.38125 0.39296875 0.09375 0.321875
4 0.31875 0.41328125 0.0171875 0.0546875