5 0.39921875 0.28203125 0.03125 0.028125
5 0.31640625 0.290625 0.0296875 0.0296875
5 0.46640625 0.29921875 0.0265625 0.028125
5 0.53671875 0.309375 0.0234375 0.0171875
5 0.58671875 0.33203125 0.0265625 0.0328125
5 0.65703125 0.35625 0.015625 0.0203125
6 0.4640625 0.4734375 0.0421875 0.3765625
6 0.396875 0.4796875 0.053125 0.4140625
6 0.53203125 0.4796875 0.0359375 0.36875
6 0.5828125 0.4890625 0.0359375 0.340625
6 0.64453125 0.4890625 0.0484375 0.3109375
6 0.31171875 0.4921875 0.0390625 0.4390625
4 0.62734375 0.50625 0.021875 0.0453125
6 0.82890625 0.5765625 0.0984375 0.721875
5 0.83671875 0.24296875 0.0578125 0.05
3 0.284375 0.70703125 0.0265625 0.04375
3 0.32578125 0.70390625 0.04375 0.05
3 0.37109375 0.690625 0.0296875 0.0390625
3 0.409375 0.67421875 0.046875 0.0375
3 0.44609375 0.66796875 0.0234375 0.0359375
3 0.478125 0.6640625 0.040625 0.0375
3 0.80546875 0.8875 0.096875 0.065625
3 0.5140625 0.6578125 0.0296875 0.040625
3 0.5375 0.6453125 0.0421875 0.0359375
3 0.56015625 0.64765625 0.0265625 0.0375
3 0.584375 0.634375 0.0328125 0.0359375
3 0.65078125 0.6328125 0.0265625 0.0328125
3 0.628125 0.6375 0.0234375 0.0296875