5 0.79609375 0.3125 0.0421875 0.0671875
5 0.89921875 0.328125 0.0515625 0.0640625
5 0.46015625 0.3734375 0.04375 0.0765625
5 0.515625 0.39921875 0.0578125 0.06875
5 0.8671875 0.40234375 0.0546875 0.059375
6 0.9234375 0.40546875 0.1015625 0.2375
6 0.8046875 0.41171875 0.0875 0.23125
7 0.803125 0.41640625 0.0875 0.1234375
7 0.9171875 0.4390625 0.04375 0.1375
7 0.45625 0.49375 0.06875 0.15
6 0.90625 0.50859375 0.109375 0.2578125
7 0.91640625 0.53828125 0.0625 0.1890625
6 0.44921875 0.55859375 0.075 0.4609375
7 0.52421875 0.5609375 0.0625 0.20625
6 0.51875 0.6421875 0.0640625 0.54375
3 0.515625 0.88515625 0.071875 0.0515625
3 0.425 0.80234375 0.046875 0.06875
3 0.48671875 0.79765625 0.040625 0.0609375