5 0.790625 0.49921875 0.025 0.0265625
5 0.55234375 0.528125 0.025 0.028125
5 0.38828125 0.52578125 0.025 0.03125
5 0.25234375 0.5359375 0.025 0.028125
6 0.26953125 0.646875 0.059375 0.246875
6 0.41171875 0.6390625 0.071875 0.2515625
6 0.5375 0.625 0.0640625 0.2265625
6 0.7984375 0.60234375 0.04375 0.225
7 0.4078125 0.59453125 0.0578125 0.1046875
7 0.53515625 0.58828125 0.04375 0.0921875
7 0.796875 0.5703125 0.04375 0.0953125
7 0.2703125 0.5859375 0.05 0.0671875
3 0.54765625 0.7203125 0.028125 0.0453125
3 0.79609375 0.6984375 0.034375 0.0375