6 0.528125 0.62734375 0.0640625 0.4328125
6 0.75546875 0.6421875 0.096875 0.525
6 0.15546875 0.6453125 0.11875 0.4453125
6 0.37578125 0.6484375 0.1171875 0.503125
6 0.4640625 0.65078125 0.0640625 0.4359375
6 0.26640625 0.6625 0.1015625 0.446875
6 0.596875 0.6625 0.090625 0.4515625
6 0.871875 0.67265625 0.1421875 0.5125
6 0.675 0.68984375 0.09375 0.4359375
3 0.4390625 0.81328125 0.028125 0.1140625
3 0.465625 0.81640625 0.0265625 0.1171875
3 0.5125 0.8375 0.0359375 0.0484375
3 0.56484375 0.85546875 0.0359375 0.0609375
3 0.61015625 0.865625 0.0390625 0.0609375
3 0.83125 0.88046875 0.040625 0.05625
3 0.9 0.89921875 0.0421875 0.0609375
3 0.24375 0.8609375 0.040625 0.04375
3 0.28046875 0.85859375 0.0359375 0.053125
3 0.13125 0.8609375 0.040625 0.0484375
3 0.2 0.853125 0.0328125 0.04375
3 0.3609375 0.8765625 0.0390625 0.0515625
3 0.4015625 0.875 0.040625 0.0609375
3 0.7296875 0.8421875 0.0390625 0.053125
3 0.76953125 0.87734375 0.0359375 0.0625