5 0.71953125 0.3453125 0.046875 0.075
5 0.8421875 0.35 0.0421875 0.053125
5 0.47734375 0.3703125 0.0328125 0.046875
5 0.6671875 0.37265625 0.028125 0.05
5 0.41875 0.37734375 0.0296875 0.0421875
4 0.62578125 0.3828125 0.040625 0.0703125
5 0.3671875 0.396875 0.0296875 0.046875
5 0.5515625 0.40390625 0.0328125 0.0609375
5 0.6046875 0.4203125 0.028125 0.040625
7 0.4140625 0.50078125 0.0515625 0.1625
7 0.4765625 0.51796875 0.0453125 0.184375
6 0.48046875 0.52109375 0.0515625 0.3578125
7 0.66953125 0.521875 0.0484375 0.1640625
7 0.8578125 0.525 0.06875 0.2296875
7 0.36640625 0.5359375 0.0515625 0.1875
7 0.54765625 0.54375 0.046875 0.1953125
7 0.72421875 0.5453125 0.075 0.2703125
7 0.60703125 0.5578125 0.05 0.1796875
6 0.42109375 0.5671875 0.05625 0.4296875
6 0.375 0.5921875 0.0765625 0.44375
6 0.67265625 0.5921875 0.0515625 0.4796875
6 0.54765625 0.59765625 0.059375 0.428125
6 0.60546875 0.6078125 0.046875 0.4125
6 0.85390625 0.61328125 0.08125 0.575
6 0.71015625 0.65390625 0.10625 0.671875
3 0.68125 0.9671875 0.0609375 0.065625
3 0.8578125 0.871875 0.0515625 0.0703125
3 0.728125 0.94609375 0.040625 0.06875
3 0.6734375 0.8 0.03125 0.046875
3 0.615625 0.79296875 0.0203125 0.0390625
3 0.59609375 0.78984375 0.0234375 0.0421875
3 0.5640625 0.7828125 0.0203125 0.0515625
3 0.42734375 0.76171875 0.0265625 0.040625