5 0.07734375 0.4859375 0.1109375 0.1265625
5 0.27265625 0.1671875 0.0125 0.0125
6 0.27890625 0.184375 0.0421875 0.046875
5 0.61328125 0.60625 0.1671875 0.196875
5 0.78125 0.6046875 0.15 0.153125
5 0.89453125 0.4828125 0.128125 0.121875
5 0.71328125 0.4265625 0.0859375 0.0921875
5 0.65234375 0.46796875 0.09375 0.1203125
5 0.984375 0.1421875 0.0140625 0.009375
6 0.984375 0.1734375 0.0203125 0.075
6 0.09375 0.6796875 0.175 0.640625
6 0.59453125 0.7546875 0.28125 0.490625
6 0.90703125 0.715625 0.15 0.56875
6 0.78046875 0.7640625 0.153125 0.471875
7 0.09140625 0.68359375 0.1671875 0.303125
7 0.6203125 0.8640625 0.2 0.2703125
7 0.9 0.7375 0.1109375 0.303125
7 0.7921875 0.85234375 0.1484375 0.2953125