5 0.02734375 0.228125 0.0375 0.040625
5 0.0140625 0.278125 0.0265625 0.0546875
5 0.0828125 0.2859375 0.01875 0.0578125
5 0.2125 0.2890625 0.025 0.034375
5 0.059375 0.296875 0.0375 0.046875
5 0.1109375 0.30234375 0.0359375 0.0453125
5 0.26484375 0.3109375 0.0296875 0.040625
5 0.78515625 0.36640625 0.040625 0.0625
5 0.646875 0.371875 0.025 0.046875
6 0.27109375 0.48203125 0.0484375 0.4078125
6 0.2125 0.50390625 0.0609375 0.503125
6 0.65234375 0.540625 0.0671875 0.396875
6 0.1171875 0.54140625 0.0484375 0.54375
6 0.165625 0.55390625 0.0453125 0.4796875
6 0.06640625 0.57109375 0.04375 0.5828125
6 0.0265625 0.5921875 0.046875 0.6578125
6 0.78984375 0.64296875 0.0671875 0.6125
3 0.78359375 0.94765625 0.046875 0.05
3 0.7671875 0.91796875 0.0453125 0.053125
3 0.64296875 0.71953125 0.0328125 0.053125
3 0.21171875 0.7421875 0.021875 0.040625
3 0.2484375 0.7296875 0.0328125 0.0390625
3 0.159375 0.77265625 0.0359375 0.046875
3 0.109375 0.825 0.0375 0.05
3 0.0671875 0.83671875 0.040625 0.059375
3 0.028125 0.896875 0.0453125 0.0640625
3 0.259375 0.66875 0.0203125 0.0359375
3 0.2734375 0.6578125 0.0234375 0.0328125