5 0.01953125 0.30546875 0.0234375 0.01875
5 0.31015625 0.37109375 0.01875 0.01875
5 0.38671875 0.36484375 0.015625 0.01875
5 0.72109375 0.4125 0.025 0.021875
5 0.96328125 0.5078125 0.0171875 0.015625
5 0.66171875 0.77734375 0.0171875 0.0265625
5 0.5484375 0.78046875 0.0203125 0.0203125
5 0.31171875 0.12109375 0.0125 0.021875
5 0.62109375 0.63125 0.0125 0.0265625
6 0.02109375 0.37890625 0.0375 0.171875
6 0.2828125 0.48359375 0.0859375 0.059375
6 0.29765625 0.45390625 0.05 0.1984375
6 0.39609375 0.4234375 0.04375 0.15
6 0.31015625 0.140625 0.040625 0.084375
6 0.71640625 0.46328125 0.034375 0.11875
6 0.96015625 0.54453125 0.0546875 0.090625
6 0.66796875 0.8328125 0.0390625 0.1328125
6 0.54921875 0.84140625 0.0359375 0.14375
6 0.6375 0.64765625 0.0515625 0.09375
7 0.54921875 0.8328125 0.034375 0.0484375