5 0.425 0.4015625 0.06875 0.0734375
5 0.515625 0.403125 0.0125 0.0125
5 0.63828125 0.40546875 0.0125 0.0140625
5 0.6703125 0.43203125 0.0125 0.021875
6 0.51640625 0.44296875 0.0234375 0.0953125
6 0.728125 0.44375 0.034375 0.040625
6 0.640625 0.44921875 0.03125 0.1015625
5 0.31484375 0.46640625 0.0140625 0.0140625
6 0.69765625 0.4671875 0.0703125 0.090625
5 0.83828125 0.46796875 0.0140625 0.0109375
6 0.8390625 0.4890625 0.03125 0.0609375
6 0.325 0.49765625 0.04375 0.0765625
4 0.34140625 0.64765625 0.0453125 0.0578125
6 0.425 0.6546875 0.14375 0.5796875
4 0.49921875 0.696875 0.0421875 0.0703125