5 0.1359375 0.43984375 0.0265625 0.0203125
5 0.1828125 0.4546875 0.01875 0.0203125
5 0.23125 0.559375 0.025 0.0234375
5 0.2984375 0.47578125 0.028125 0.025
5 0.3390625 0.43125 0.0171875 0.0265625
5 0.36171875 0.396875 0.021875 0.0328125
5 0.321875 0.58125 0.0265625 0.0265625
5 0.36796875 0.59375 0.034375 0.0359375
5 0.434375 0.25390625 0.021875 0.0203125
5 0.47109375 0.23515625 0.015625 0.0171875
5 0.50546875 0.26953125 0.0171875 0.0140625
5 0.5671875 0.234375 0.025 0.0265625
5 0.509375 0.45390625 0.034375 0.0296875
5 0.5109375 0.5171875 0.0171875 0.0171875
5 0.5828125 0.46875 0.01875 0.0265625
5 0.6328125 0.56953125 0.025 0.028125
5 0.65859375 0.4109375 0.025 0.0296875
5 0.6796875 0.45234375 0.0234375 0.0296875
5 0.71015625 0.4078125 0.025 0.028125
5 0.77890625 0.21171875 0.0234375 0.0265625
5 0.81796875 0.42578125 0.0265625 0.0265625
5 0.8921875 0.47578125 0.0296875 0.0328125
5 0.9578125 0.41171875 0.0296875 0.0234375
7 0.13046875 0.509375 0.040625 0.08125
7 0.2890625 0.55 0.025 0.075
7 0.3171875 0.65390625 0.0390625 0.10625
7 0.37109375 0.65390625 0.053125 0.0890625
7 0.36484375 0.46875 0.0359375 0.075
7 0.3328125 0.50390625 0.025 0.0734375
7 0.5328125 0.5125 0.0390625 0.0609375
7 0.60390625 0.496875 0.0421875 0.0421875
7 0.6078125 0.61796875 0.0203125 0.0625
7 0.69140625 0.51328125 0.040625 0.0765625
7 0.71015625 0.4484375 0.0296875 0.0484375
7 0.57265625 0.29140625 0.0328125 0.0578125
7 0.89609375 0.54765625 0.0484375 0.078125
7 0.95703125 0.48203125 0.0296875 0.090625
7 0.78203125 0.25859375 0.03125 0.0453125
6 0.1328125 0.5421875 0.0484375 0.2296875
6 0.1828125 0.55 0.0375 0.1953125
6 0.23125 0.603125 0.0421875 0.10625
6 0.2890625 0.57578125 0.0171875 0.203125
6 0.3328125 0.50078125 0.028125 0.128125
6 0.36875 0.471875 0.0421875 0.1484375
6 0.321875 0.69140625 0.046875 0.25
6 0.3734375 0.6953125 0.0515625 0.234375
6 0.43046875 0.33203125 0.046875 0.1875
6 0.4765625 0.23515625 0.025 0.0546875
6 0.5359375 0.33984375 0.0296875 0.165625
6 0.57265625 0.31484375 0.05 0.1953125
6 0.48828125 0.57578125 0.059375 0.075
6 0.5265625 0.540625 0.0671875 0.21875
6 0.6015625 0.48671875 0.0671875 0.0890625
6 0.63203125 0.61171875 0.0609375 0.128125
6 0.6875 0.51875 0.0484375 0.153125
6 0.7171875 0.471875 0.04375 0.1671875
6 0.7828125 0.25859375 0.04375 0.109375
6 0.8140625 0.525 0.0609375 0.2328125
6 0.896875 0.57890625 0.059375 0.2578125
6 0.959375 0.51015625 0.05625 0.24375