5 0.915625 0.28203125 0.0546875 0.0578125
5 0.753125 0.28828125 0.0546875 0.0625
5 0.21171875 0.29296875 0.0515625 0.0484375
5 0.6609375 0.30078125 0.0515625 0.0515625
5 0.52890625 0.30234375 0.0515625 0.0484375
5 0.36875 0.31484375 0.0578125 0.040625
5 0.8328125 0.31484375 0.053125 0.053125
5 0.10390625 0.3171875 0.0625 0.0484375
5 0.59921875 0.3234375 0.046875 0.03125
5 0.2984375 0.32890625 0.0546875 0.0515625
5 0.4546875 0.32890625 0.0484375 0.04375
6 0.66171875 0.34921875 0.0484375 0.1765625
5 0.7015625 0.3515625 0.05625 0.0578125
5 0.621875 0.36484375 0.04375 0.0515625
5 0.4203125 0.378125 0.0546875 0.065625
6 0.75859375 0.53125 0.0828125 0.5375
6 0.9171875 0.534375 0.1046875 0.5625
6 0.2078125 0.53671875 0.1109375 0.5375
6 0.5265625 0.5375 0.0859375 0.515625
6 0.36328125 0.54296875 0.0546875 0.490625
6 0.4578125 0.54296875 0.053125 0.475
6 0.82890625 0.54375 0.0859375 0.50625
6 0.2921875 0.54609375 0.0859375 0.4921875
6 0.103125 0.54765625 0.1015625 0.50625
6 0.60625 0.5625 0.0703125 0.5375
6 0.41640625 0.56640625 0.06875 0.446875
6 0.6953125 0.58515625 0.075 0.5
3 0.10390625 0.80390625 0.03125 0.059375
3 0.16875 0.7984375 0.0484375 0.0484375
3 0.28671875 0.79140625 0.0375 0.0609375
3 0.328125 0.77109375 0.046875 0.046875
3 0.3640625 0.76796875 0.0390625 0.0625
3 0.403125 0.80703125 0.0375 0.0546875
3 0.4234375 0.78125 0.040625 0.053125
3 0.4671875 0.7765625 0.034375 0.05625
3 0.43671875 0.75390625 0.040625 0.046875
3 0.4984375 0.7671875 0.05 0.0515625
3 0.5296875 0.77578125 0.0359375 0.071875
3 0.60390625 0.8234375 0.0515625 0.0484375
3 0.20234375 0.80078125 0.03125 0.075
3 0.234375 0.77890625 0.04375 0.046875
3 0.69140625 0.82109375 0.0359375 0.0609375
3 0.74296875 0.79296875 0.0390625 0.0625
3 0.7703125 0.76796875 0.046875 0.0515625
3 0.8203125 0.78046875 0.0359375 0.059375
3 0.86640625 0.7796875 0.05 0.0546875
3 0.9171875 0.81171875 0.0359375 0.0703125