5 0.77265625 0.3421875 0.034375 0.0390625
6 0.7359375 0.34453125 0.0484375 0.215625
5 0.3796875 0.3546875 0.0296875 0.0390625
6 0.79140625 0.41171875 0.0671875 0.1859375
6 0.3734375 0.4390625 0.0546875 0.178125
6 0.278125 0.5625 0.0625 0.225
5 0.08984375 0.59921875 0.025 0.0421875
6 0.21953125 0.61328125 0.0515625 0.2078125
6 0.10234375 0.690625 0.0640625 0.25
6 0.89921875 0.7375 0.05 0.2375
6 0.41796875 0.75 0.078125 0.146875
6 0.64296875 0.86796875 0.046875 0.146875
3 0.7828125 0.51171875 0.0265625 0.0234375
3 0.81015625 0.49609375 0.025 0.0265625
3 0.3734375 0.5171875 0.0234375 0.0390625