5 0.7203125 0.178125 0.0546875 0.06875
5 0.2109375 0.2140625 0.059375 0.0546875
5 0.609375 0.234375 0.05 0.0609375
5 0.45703125 0.25625 0.0546875 0.071875
5 0.38984375 0.27265625 0.0484375 0.0421875
4 0.76171875 0.34453125 0.034375 0.0609375
7 0.7328125 0.35 0.115625 0.2046875
7 0.62734375 0.3984375 0.0984375 0.2
4 0.3546875 0.421875 0.034375 0.0578125
4 0.40546875 0.421875 0.0390625 0.065625
7 0.209375 0.4328125 0.1234375 0.2375
7 0.4640625 0.43984375 0.1046875 0.215625
6 0.7328125 0.4421875 0.1296875 0.603125
7 0.384375 0.4515625 0.0515625 0.2109375
6 0.61796875 0.4875 0.1234375 0.565625
4 0.690625 0.5046875 0.03125 0.0625
6 0.37890625 0.52734375 0.078125 0.5578125
6 0.47734375 0.5421875 0.1484375 0.6421875
6 0.20390625 0.5546875 0.1875 0.740625
4 0.53984375 0.55625 0.03125 0.090625
3 0.24609375 0.88046875 0.0609375 0.08125
3 0.17890625 0.87890625 0.04375 0.0640625
3 0.378125 0.78828125 0.0453125 0.0609375
3 0.44453125 0.84765625 0.0421875 0.0609375
3 0.478125 0.78046875 0.0390625 0.078125
3 0.61796875 0.75546875 0.0359375 0.0484375
3 0.6609375 0.728125 0.034375 0.0625