5 0.46484375 0.30859375 0.0328125 0.0390625
5 0.315625 0.3140625 0.0390625 0.0421875
5 0.628125 0.3171875 0.0328125 0.0328125
5 0.5484375 0.32265625 0.0296875 0.0328125
6 0.70078125 0.32734375 0.0671875 0.13125
5 0.74765625 0.3375 0.0390625 0.046875
6 0.796875 0.34453125 0.0625 0.1625
5 0.3859375 0.346875 0.034375 0.0375
7 0.70546875 0.35703125 0.0640625 0.0703125
5 0.85 0.35859375 0.0421875 0.0390625
6 0.32578125 0.36640625 0.0578125 0.1453125
5 0.56796875 0.375 0.0390625 0.0390625
7 0.790625 0.37734375 0.0546875 0.1
6 0.4671875 0.37734375 0.0796875 0.1625
6 0.54765625 0.38125 0.0546875 0.1328125
6 0.61796875 0.3828125 0.0546875 0.1671875
5 0.28203125 0.38515625 0.0421875 0.0421875
5 0.45078125 0.3890625 0.0390625 0.040625
5 0.17109375 0.390625 0.0484375 0.046875
7 0.61953125 0.4015625 0.040625 0.0734375
7 0.3265625 0.40234375 0.0578125 0.078125
7 0.484375 0.40390625 0.0546875 0.0859375
7 0.528125 0.40859375 0.0421875 0.096875
6 0.38984375 0.4390625 0.0671875 0.2109375
5 0.34453125 0.44375 0.04375 0.04375
6 0.28984375 0.4453125 0.0703125 0.1453125
7 0.3921875 0.45234375 0.0671875 0.1265625
5 0.25 0.47109375 0.053125 0.046875
7 0.74609375 0.478125 0.0796875 0.1734375
7 0.85078125 0.49296875 0.1078125 0.1859375
7 0.66015625 0.5046875 0.1 0.190625
7 0.5640625 0.50625 0.0734375 0.153125
7 0.45625 0.528125 0.0765625 0.1734375
6 0.73671875 0.53359375 0.0984375 0.4328125
6 0.8390625 0.54921875 0.1015625 0.409375
6 0.5609375 0.56484375 0.090625 0.409375
6 0.65859375 0.56953125 0.1046875 0.4296875
6 0.4609375 0.5984375 0.0859375 0.4546875
7 0.36015625 0.6 0.115625 0.1921875
6 0.16953125 0.61796875 0.1015625 0.4890625
7 0.2515625 0.62734375 0.1171875 0.1921875
6 0.3609375 0.63984375 0.1046875 0.421875
6 0.25546875 0.6828125 0.1203125 0.45
5 0.665625 0.1765625 0.0203125 0.0296875
7 0.675 0.2328125 0.0515625 0.06875
6 0.66953125 0.25703125 0.059375 0.1921875
5 0.70859375 0.278125 0.0296875 0.03125
5 0.79296875 0.28125 0.0328125 0.03125
3 0.17734375 0.83125 0.0328125 0.075
3 0.8234375 0.73515625 0.0296875 0.0515625
3 0.79140625 0.70390625 0.0359375 0.0515625
3 0.746875 0.728125 0.0484375 0.05625
3 0.69921875 0.7125 0.025 0.065625
3 0.6625 0.7640625 0.0296875 0.0671875
3 0.62578125 0.7265625 0.046875 0.0484375
3 0.56953125 0.7390625 0.034375 0.0625
3 0.5328125 0.74765625 0.0265625 0.0578125
3 0.47890625 0.79375 0.0296875 0.078125
3 0.45390625 0.7578125 0.046875 0.0546875
3 0.37265625 0.8125 0.0375 0.0640625
3 0.34765625 0.821875 0.0328125 0.0703125
3 0.290625 0.87421875 0.0359375 0.0515625
3 0.26640625 0.88671875 0.0359375 0.0609375