5 0.69765625 0.21171875 0.1640625 0.1296875
6 0.9265625 0.44765625 0.146875 0.6484375
6 0.54765625 0.49609375 0.140625 0.7765625
6 0.453125 0.50546875 0.1140625 0.8109375
6 0.3046875 0.52578125 0.1859375 0.94375
6 0.7046875 0.56015625 0.1828125 0.8671875
5 0.35078125 0.10859375 0.15 0.11875
5 0.43828125 0.13203125 0.0609375 0.0640625
5 0.5421875 0.14765625 0.1046875 0.075
5 0.95390625 0.171875 0.0921875 0.0578125
3 0.44921875 0.88828125 0.1078125 0.0734375
3 0.528125 0.8640625 0.090625 0.0921875
3 0.60390625 0.84140625 0.115625 0.0703125
3 0.86328125 0.76171875 0.0609375 0.0703125
3 0.93515625 0.73828125 0.1125 0.0515625