5 0.18359375 0.40390625 0.01875 0.0203125
5 0.21953125 0.38125 0.0171875 0.021875
5 0.28984375 0.36953125 0.0140625 0.01875
5 0.36484375 0.37109375 0.0140625 0.021875
5 0.4640625 0.38671875 0.0125 0.015625
6 0.18359375 0.46796875 0.0453125 0.1546875
6 0.2296875 0.45078125 0.0328125 0.1640625
6 0.29609375 0.440625 0.040625 0.15
6 0.375 0.4484375 0.0546875 0.16875
6 0.46640625 0.45625 0.040625 0.159375
3 0.4484375 0.51328125 0.01875 0.025
3 0.47734375 0.51796875 0.0171875 0.0203125
3 0.375 0.5203125 0.0171875 0.0203125
3 0.36640625 0.50859375 0.01875 0.0234375
3 0.296875 0.503125 0.01875 0.0296875
3 0.23046875 0.52265625 0.0203125 0.0265625
3 0.18671875 0.54140625 0.0171875 0.0265625
3 0.1984375 0.5265625 0.0109375 0.0234375