5 0.54453125 0.29453125 0.0828125 0.078125
5 0.70546875 0.32109375 0.1 0.0890625
5 0.36015625 0.34921875 0.0875 0.084375
4 0.575 0.45625 0.0359375 0.075
6 0.54921875 0.49140625 0.1390625 0.475
4 0.6640625 0.56484375 0.0515625 0.0671875
6 0.71640625 0.575 0.209375 0.59375
6 0.37421875 0.6046875 0.2 0.6203125
3 0.4265625 0.7421875 0.0734375 0.10625
3 0.6375 0.76015625 0.078125 0.0734375
3 0.75234375 0.81640625 0.05625 0.1140625
3 0.52890625 0.6890625 0.0515625 0.0875
3 0.590625 0.6984375 0.046875 0.0796875