5 0.6671875 0.19921875 0.109375 0.05625
5 0.3078125 0.27578125 0.1203125 0.0734375
5 0.15078125 0.29609375 0.0453125 0.0234375
5 0.4703125 0.296875 0.05 0.021875
5 0.2296875 0.30234375 0.053125 0.03125
5 0.821875 0.31015625 0.0453125 0.021875
6 0.15 0.3328125 0.1078125 0.1
7 0.15390625 0.353125 0.09375 0.053125
5 0.3796875 0.35625 0.0703125 0.0359375
7 0.47890625 0.3640625 0.0890625 0.08125
7 0.82265625 0.3765625 0.0546875 0.0765625
7 0.67578125 0.4078125 0.2140625 0.2484375
6 0.4984375 0.4171875 0.115625 0.2671875
6 0.821875 0.42421875 0.075 0.2578125
7 0.4046875 0.440625 0.0984375 0.1265625
7 0.03359375 0.4796875 0.0640625 0.21875
6 0.42265625 0.5015625 0.115625 0.3578125
7 0.26640625 0.509375 0.225 0.2796875
6 0.67890625 0.5640625 0.253125 0.7984375
6 0.0484375 0.6046875 0.0953125 0.640625
6 0.271875 0.61796875 0.228125 0.75625
3 0.5640625 0.90703125 0.128125 0.1234375
3 0.75078125 0.91875 0.1328125 0.1359375
3 0.43046875 0.6546875 0.0453125 0.05
3 0.04921875 0.89296875 0.0984375 0.096875