4 0.421875 0.19296875 0.040625 0.0703125
5 0.51171875 0.2625 0.0625 0.065625
7 0.49453125 0.43984375 0.10625 0.2625
5 0.61953125 0.44296875 0.0328125 0.040625
4 0.64921875 0.4828125 0.0203125 0.0421875
5 0.78828125 0.48828125 0.0203125 0.025
6 0.4984375 0.53828125 0.1296875 0.6953125
7 0.621875 0.546875 0.0578125 0.1640625
7 0.7921875 0.59609375 0.0765625 0.15
6 0.62109375 0.61796875 0.090625 0.3859375
6 0.803125 0.6359375 0.0859375 0.328125
3 0.4609375 0.81015625 0.0515625 0.090625
3 0.51015625 0.79921875 0.075 0.0859375
3 0.5890625 0.790625 0.03125 0.0421875
3 0.63515625 0.78515625 0.04375 0.040625