7 0.4421875 0.26875 0.021875 0.046875
7 0.41953125 0.26953125 0.01875 0.04375
7 0.48203125 0.27265625 0.0296875 0.0484375
5 0.92578125 0.28203125 0.01875 0.0203125
6 0.44140625 0.29765625 0.0265625 0.1421875
6 0.490625 0.3015625 0.0484375 0.1640625
6 0.409375 0.30390625 0.028125 0.125
6 0.88984375 0.30703125 0.0296875 0.0796875
6 0.92578125 0.30703125 0.0359375 0.103125
7 0.92734375 0.309375 0.01875 0.03125
7 0.92734375 0.3109375 0.015625 0.0328125
5 0.21953125 0.5515625 0.0515625 0.04375
5 0.51796875 0.5671875 0.053125 0.0515625
5 0.33203125 0.590625 0.04375 0.0578125
5 0.6828125 0.59765625 0.0546875 0.0828125
5 0.428125 0.60625 0.04375 0.059375
5 0.46328125 0.61796875 0.034375 0.0546875
6 0.6609375 0.66171875 0.109375 0.234375
7 0.50390625 0.6625 0.059375 0.115625
7 0.321875 0.6828125 0.0625 0.128125
7 0.21171875 0.684375 0.0765625 0.140625
6 0.51640625 0.6890625 0.0765625 0.2890625
7 0.65546875 0.6890625 0.078125 0.1296875
7 0.45703125 0.725 0.0578125 0.1296875
6 0.20390625 0.7265625 0.084375 0.4171875
7 0.4015625 0.73359375 0.053125 0.1421875
6 0.32109375 0.740625 0.0484375 0.36875
6 0.46171875 0.740625 0.040625 0.30625
6 0.40390625 0.76953125 0.0390625 0.3828125
5 0.4375 0.225 0.01875 0.0265625
5 0.4828125 0.23046875 0.025 0.0171875
5 0.41796875 0.23125 0.0171875 0.025
3 0.18671875 0.95625 0.0375 0.0515625
3 0.22734375 0.93046875 0.0484375 0.065625