5 0.7515625 0.20625 0.0859375 0.1046875
7 0.85859375 0.32265625 0.2265625 0.2453125
5 0.38203125 0.3796875 0.0234375 0.0359375
5 0.609375 0.38359375 0.0140625 0.0203125
4 0.878125 0.40546875 0.0765625 0.0859375
5 0.41171875 0.40859375 0.015625 0.0234375
5 0.59765625 0.4125 0.01875 0.0296875
7 0.35546875 0.4421875 0.046875 0.1078125
7 0.62578125 0.453125 0.0421875 0.0671875
7 0.3953125 0.4609375 0.0359375 0.084375
6 0.3625 0.4921875 0.0578125 0.2578125
6 0.40390625 0.4953125 0.046875 0.1984375
6 0.61796875 0.4984375 0.0625 0.2
6 0.85078125 0.5109375 0.28125 0.6984375
4 0.73046875 0.5578125 0.05 0.11875
3 0.834375 0.80859375 0.103125 0.0875
3 0.9484375 0.80546875 0.103125 0.1296875
3 0.61015625 0.55078125 0.028125 0.0359375
3 0.365625 0.60625 0.0375 0.028125