5 0.27421875 0.18125 0.125 0.15
5 0.7296875 0.2328125 0.1109375 0.140625
5 0.478125 0.26953125 0.0984375 0.1203125
5 0.16640625 0.2890625 0.1328125 0.159375
7 0.30390625 0.46171875 0.1734375 0.2875
6 0.13984375 0.47109375 0.196875 0.528125
6 0.321875 0.5125 0.215625 0.8171875
7 0.69375 0.521875 0.184375 0.35
6 0.68125 0.53359375 0.2171875 0.7390625
5 0.75625 0.53828125 0.15 0.159375
7 0.1390625 0.55625 0.1921875 0.3453125
7 0.515625 0.56875 0.1453125 0.39375
6 0.49609375 0.5875 0.146875 0.7484375
6 0.81171875 0.72265625 0.2734375 0.5375
7 0.8328125 0.85234375 0.2421875 0.28125