5 0.6203125 0.5734375 0.034375 0.025
5 0.2453125 0.584375 0.0421875 0.03125
5 0.26796875 0.625 0.03125 0.025
5 0.05390625 0.63515625 0.0390625 0.0203125
5 0.753125 0.65703125 0.0390625 0.028125
5 0.803125 0.66796875 0.034375 0.025
6 0.0375 0.74921875 0.0734375 0.3
6 0.2171875 0.765625 0.090625 0.4359375
6 0.7578125 0.76953125 0.078125 0.28125
6 0.621875 0.77421875 0.1828125 0.4484375
6 0.80625 0.78203125 0.046875 0.259375
6 0.11875 0.7921875 0.0546875 0.284375
6 0.26796875 0.79453125 0.0703125 0.359375
3 0.18125 0.96953125 0.040625 0.0515625
3 0.14375 0.93828125 0.0421875 0.0375
3 0.071875 0.93046875 0.0421875 0.0421875
3 0.2828125 0.96015625 0.05625 0.0375
3 0.2421875 0.94140625 0.0328125 0.034375
3 0.7640625 0.90234375 0.0390625 0.03125
3 0.8125 0.8890625 0.028125 0.034375