5 0.3890625 0.571875 0.0390625 0.0140625
5 0.27890625 0.8171875 0.046875 0.0171875
6 0.278125 0.9015625 0.14375 0.1921875
6 0.39765625 0.62421875 0.103125 0.1203125
6 0.440625 0.484375 0.08125 0.0859375
6 0.484375 0.34765625 0.05 0.05
6 0.52109375 0.2703125 0.0515625 0.0484375
6 0.55078125 0.21171875 0.065625 0.0515625
3 0.40859375 0.65625 0.0375 0.0203125
3 0.38984375 0.68359375 0.034375 0.0203125
3 0.45390625 0.5109375 0.0328125 0.0125
3 0.503125 0.3703125 0.028125 0.0125
3 0.55546875 0.2234375 0.0109375 0.0109375
3 0.5453125 0.221875 0.0109375 0.0109375