5 0.190625 0.2515625 0.0390625 0.046875
5 0.2421875 0.27421875 0.0359375 0.0640625
5 0.47578125 0.28203125 0.0375 0.059375
4 0.309375 0.3 0.01875 0.0625
7 0.25546875 0.41953125 0.10625 0.1890625
7 0.16796875 0.4296875 0.065625 0.2109375
7 0.421875 0.4375 0.03125 0.2203125
7 0.4828125 0.44140625 0.08125 0.2359375
4 0.15078125 0.471875 0.0203125 0.059375
4 0.43046875 0.50703125 0.025 0.065625
4 0.52734375 0.5171875 0.0234375 0.0609375
6 0.16484375 0.5234375 0.05625 0.590625
6 0.25 0.528125 0.0765625 0.5796875
6 0.49609375 0.53515625 0.1 0.56875
4 0.14140625 0.54296875 0.028125 0.0453125
6 0.42734375 0.546875 0.053125 0.465625
3 0.1703125 0.79453125 0.0515625 0.0484375
3 0.24921875 0.80546875 0.0375 0.0546875
3 0.52265625 0.78359375 0.0421875 0.071875