5 0.4484375 0.59296875 0.0171875 0.0359375
5 0.3140625 0.6453125 0.0140625 0.0265625
5 0.22890625 0.56640625 0.021875 0.034375
5 0.3421875 0.5 0.015625 0.0171875
5 0.23828125 0.48359375 0.0171875 0.0203125
5 0.3921875 0.471875 0.015625 0.0125
6 0.446875 0.63984375 0.040625 0.14375
6 0.29765625 0.6828125 0.0546875 0.096875
6 0.24140625 0.62265625 0.046875 0.1484375
6 0.24453125 0.5234375 0.0296875 0.090625
6 0.35078125 0.5578125 0.0328125 0.140625
6 0.39375 0.5171875 0.025 0.1078125
6 0.26171875 0.45625 0.0234375 0.0671875
6 0.17109375 0.5375 0.0296875 0.0828125