5 0.44140625 0.20859375 0.0578125 0.0765625
5 0.67578125 0.25078125 0.059375 0.0875
5 0.87109375 0.27421875 0.0625 0.08125
5 0.3453125 0.2796875 0.065625 0.0859375
5 0.59921875 0.28125 0.075 0.0859375
5 0.4984375 0.28984375 0.059375 0.084375
6 0.42890625 0.30546875 0.09375 0.2640625
6 0.24765625 0.40703125 0.04375 0.29375
6 0.69453125 0.5796875 0.121875 0.7515625
6 0.96640625 0.609375 0.065625 0.6296875
6 0.33671875 0.61796875 0.13125 0.7578125
6 0.8671875 0.61796875 0.1328125 0.7578125
6 0.62265625 0.61875 0.128125 0.759375
6 0.49140625 0.62421875 0.1484375 0.7296875
6 0.103125 0.70546875 0.2046875 0.5640625