5 0.12265625 0.3359375 0.065625 0.0578125
5 0.3421875 0.38046875 0.0390625 0.05625
5 0.70078125 0.40625 0.0859375 0.14375
5 0.9171875 0.42265625 0.0296875 0.0328125
5 0.40390625 0.425 0.0359375 0.0453125
6 0.93984375 0.496875 0.084375 0.2
6 0.3953125 0.5296875 0.078125 0.259375
6 0.3203125 0.54765625 0.1 0.421875
6 0.10703125 0.5609375 0.084375 0.5078125
6 0.8203125 0.65390625 0.2890625 0.66875
4 0.68203125 0.81015625 0.059375 0.08125
3 0.08984375 0.77890625 0.05 0.0921875
3 0.12734375 0.75234375 0.0578125 0.0921875
3 0.26484375 0.71328125 0.0359375 0.0875