5 0.03671875 0.31015625 0.0703125 0.125
6 0.0234375 0.39140625 0.04375 0.2484375
5 0.18359375 0.40390625 0.096875 0.0828125
5 0.31484375 0.50859375 0.0671875 0.0671875
5 0.6953125 0.54140625 0.034375 0.028125
5 0.3734375 0.5578125 0.04375 0.059375
5 0.446875 0.59375 0.0265625 0.028125
5 0.66171875 0.6 0.040625 0.040625
7 0.7125 0.63984375 0.0546875 0.090625
6 0.1421875 0.66640625 0.1421875 0.6328125
7 0.125 0.67890625 0.19375 0.3578125
7 0.371875 0.6875 0.0609375 0.165625
6 0.72109375 0.68984375 0.0890625 0.3109375
7 0.43828125 0.69140625 0.0578125 0.1125
7 0.66484375 0.7 0.059375 0.109375
7 0.28515625 0.71640625 0.103125 0.2421875
6 0.284375 0.7234375 0.1171875 0.503125
6 0.37109375 0.74375 0.0421875 0.4078125
6 0.4390625 0.7609375 0.0859375 0.3578125
6 0.6734375 0.7921875 0.103125 0.4046875
3 0.7265625 0.94375 0.053125 0.0625
3 0.67421875 0.9671875 0.0484375 0.065625
3 0.421875 0.9234375 0.0328125 0.0453125
3 0.44453125 0.925 0.0296875 0.040625