5 0.38359375 0.58515625 0.021875 0.015625
5 0.76484375 0.590625 0.028125 0.0375
5 0.45390625 0.603125 0.0296875 0.0296875
5 0.30078125 0.6078125 0.025 0.025
5 0.89765625 0.609375 0.0265625 0.025
5 0.6875 0.61796875 0.0203125 0.01875
5 0.63046875 0.62109375 0.0234375 0.03125
5 0.23203125 0.62265625 0.0265625 0.0234375
5 0.58203125 0.62421875 0.0203125 0.0234375
5 0.521875 0.6328125 0.0265625 0.021875
5 0.32578125 0.634375 0.0203125 0.0203125
6 0.38046875 0.7078125 0.053125 0.296875
6 0.76875 0.709375 0.059375 0.2890625
6 0.89921875 0.71875 0.0640625 0.259375
6 0.70078125 0.7203125 0.04375 0.225
6 0.32265625 0.72109375 0.03125 0.184375
6 0.63203125 0.72421875 0.0453125 0.2375
6 0.44453125 0.72734375 0.0484375 0.271875
6 0.57890625 0.72734375 0.034375 0.225
6 0.228125 0.72734375 0.0453125 0.2390625
6 0.28984375 0.7296875 0.0359375 0.2765625
6 0.5203125 0.73125 0.040625 0.2265625
3 0.33671875 0.8640625 0.0234375 0.04375
3 0.5609375 0.8453125 0.0265625 0.0265625
3 0.6140625 0.83515625 0.0234375 0.0359375
3 0.6796875 0.84140625 0.034375 0.03125
3 0.87578125 0.828125 0.0234375 0.0546875
3 0.91875 0.84140625 0.0328125 0.0359375