5 0.36328125 0.3578125 0.04375 0.040625
5 0.59296875 0.36328125 0.0546875 0.046875
5 0.45390625 0.36796875 0.0453125 0.046875
5 0.178125 0.36953125 0.04375 0.04375
5 0.2671875 0.375 0.040625 0.0515625
5 0.51875 0.38046875 0.0453125 0.0609375
4 0.10234375 0.4984375 0.0453125 0.0828125
7 0.35859375 0.50625 0.0828125 0.18125
7 0.46015625 0.50625 0.075 0.1609375
7 0.18046875 0.52109375 0.0640625 0.190625
7 0.2640625 0.5296875 0.0828125 0.178125
7 0.528125 0.5296875 0.09375 0.203125
7 0.6234375 0.53046875 0.096875 0.215625
6 0.36171875 0.590625 0.0890625 0.5015625
6 0.446875 0.59765625 0.06875 0.5015625
6 0.25703125 0.6125 0.09375 0.515625
6 0.18203125 0.61953125 0.059375 0.5453125
6 0.521875 0.625 0.10625 0.540625
4 0.3375 0.634375 0.034375 0.071875
4 0.19921875 0.6359375 0.034375 0.06875
4 0.22890625 0.6453125 0.0328125 0.05
4 0.65234375 0.6453125 0.0453125 0.06875
4 0.3109375 0.646875 0.0203125 0.0421875
4 0.4671875 0.646875 0.0375 0.08125
6 0.621875 0.64921875 0.096875 0.61875
3 0.6203125 0.928125 0.065625 0.059375
3 0.6171875 0.88515625 0.06875 0.0515625
3 0.54375 0.87890625 0.0359375 0.0640625
3 0.4765625 0.87890625 0.059375 0.05
3 0.3796875 0.815625 0.04375 0.0546875
3 0.45234375 0.83359375 0.0609375 0.0515625