5 0.3890625 0.51875 0.0125 0.0203125
5 0.434375 0.5109375 0.01875 0.0296875
5 0.4703125 0.509375 0.01875 0.028125
5 0.525 0.49609375 0.0171875 0.0296875
5 0.5671875 0.49921875 0.01875 0.028125
5 0.60078125 0.52109375 0.01875 0.0234375
5 0.63515625 0.50546875 0.01875 0.0203125
6 0.3859375 0.61328125 0.034375 0.209375
6 0.42890625 0.61015625 0.03125 0.2265625
6 0.46875 0.61796875 0.0359375 0.2359375
6 0.5203125 0.615625 0.0515625 0.271875
6 0.56953125 0.615625 0.0359375 0.2546875
6 0.6046875 0.62109375 0.03125 0.221875
6 0.6421875 0.6046875 0.028125 0.2171875
7 0.38515625 0.5765625 0.0328125 0.078125
7 0.428125 0.57890625 0.03125 0.1
7 0.46875 0.578125 0.0421875 0.0953125
7 0.52109375 0.565625 0.0375 0.0953125
7 0.56953125 0.56796875 0.034375 0.0828125
7 0.6015625 0.584375 0.0296875 0.09375
7 0.64296875 0.56796875 0.028125 0.078125
3 0.39140625 0.70859375 0.0234375 0.0234375
3 0.4328125 0.71328125 0.025 0.021875
3 0.45859375 0.728125 0.0140625 0.0265625
3 0.47890625 0.72578125 0.01875 0.0203125
3 0.50234375 0.734375 0.015625 0.0265625
3 0.53671875 0.73984375 0.0265625 0.028125
3 0.571875 0.73359375 0.028125 0.025
3 0.64296875 0.70390625 0.025 0.0265625