5 0.74765625 0.31796875 0.028125 0.046875
5 0.9609375 0.34765625 0.0390625 0.03125
5 0.14609375 0.471875 0.0203125 0.025
6 0.1421875 0.54375 0.0359375 0.1875
6 0.96484375 0.546875 0.0578125 0.4359375
6 0.88984375 0.5609375 0.1421875 0.8453125
6 0.359375 0.57265625 0.10625 0.8359375
6 0.56796875 0.57734375 0.1484375 0.8234375
6 0.76171875 0.59609375 0.1171875 0.7671875
6 0.284375 0.61484375 0.1046875 0.7265625
6 0.06875 0.62109375 0.11875 0.7453125
5 0.86953125 0.1921875 0.071875 0.0921875
5 0.37265625 0.2046875 0.0875 0.08125
5 0.77265625 0.225 0.0703125 0.059375
5 0.55390625 0.234375 0.075 0.078125
5 0.3046875 0.2796875 0.071875 0.06875
5 0.07421875 0.29375 0.0765625 0.078125
3 0.74765625 0.91328125 0.059375 0.090625
3 0.65 0.96875 0.0671875 0.0625
3 0.83671875 0.93203125 0.053125 0.078125
3 0.546875 0.9625 0.0609375 0.065625
3 0.0875 0.9734375 0.08125 0.053125
3 0.27890625 0.9671875 0.06875 0.065625