5 0.32421875 0.60859375 0.0609375 0.0546875
5 0.3890625 0.6328125 0.034375 0.0296875
5 0.5921875 0.61640625 0.0671875 0.065625
5 0.73203125 0.55859375 0.05625 0.0515625
5 0.840625 0.58046875 0.06875 0.0515625
5 0.67265625 0.62265625 0.0421875 0.0390625
5 0.91484375 0.571875 0.0515625 0.034375
5 0.94296875 0.60703125 0.0234375 0.021875
5 0.5375 0.63125 0.028125 0.0265625
5 0.0390625 0.65078125 0.0234375 0.021875
7 0.0375 0.7078125 0.0453125 0.078125
7 0.30703125 0.78359375 0.10625 0.209375
7 0.38046875 0.7296875 0.053125 0.121875
7 0.60078125 0.79921875 0.1015625 0.240625
7 0.53046875 0.725 0.05 0.121875
7 0.734375 0.73828125 0.1109375 0.2125
7 0.6703125 0.746875 0.05625 0.1859375
7 0.8609375 0.7796875 0.103125 0.2515625
7 0.9203125 0.67734375 0.084375 0.1484375
6 0.03359375 0.72421875 0.05 0.1828125
6 0.3078125 0.78203125 0.1078125 0.421875
6 0.3828125 0.76796875 0.040625 0.3390625
6 0.59921875 0.78671875 0.1171875 0.40625
6 0.5265625 0.75390625 0.0578125 0.3125
6 0.67421875 0.78984375 0.0515625 0.3625
6 0.74375 0.76015625 0.1015625 0.4546875
6 0.86328125 0.7703125 0.1109375 0.4359375
6 0.921875 0.72734375 0.0796875 0.3703125
3 0.3828125 0.91875 0.0453125 0.034375
3 0.51875 0.8859375 0.028125 0.0421875
3 0.03203125 0.81015625 0.0203125 0.0265625
3 0.01484375 0.81015625 0.0140625 0.0265625