7 0.34140625 0.35625 0.04375 0.165625
6 0.5265625 0.3859375 0.0609375 0.321875
7 0.40703125 0.38828125 0.046875 0.1703125
7 0.54140625 0.39609375 0.034375 0.1703125
7 0.01953125 0.4125 0.0359375 0.1890625
6 0.32890625 0.4171875 0.071875 0.4640625
7 0.821875 0.43984375 0.090625 0.2140625
5 0.26640625 0.44375 0.053125 0.0953125
6 0.03203125 0.45390625 0.0609375 0.48125
6 0.40390625 0.4671875 0.071875 0.4984375
5 0.134375 0.4828125 0.0625 0.0984375
7 0.2125 0.4921875 0.0453125 0.11875
6 0.8203125 0.52109375 0.103125 0.596875
7 0.08671875 0.5625 0.0734375 0.0984375
6 0.23671875 0.575 0.1140625 0.359375
6 0.1140625 0.6140625 0.1390625 0.371875
5 0.3265625 0.20546875 0.0390625 0.0359375
5 0.0171875 0.234375 0.0328125 0.0484375
5 0.42421875 0.24296875 0.0484375 0.05
5 0.52890625 0.2453125 0.0421875 0.0390625
5 0.80703125 0.246875 0.0640625 0.06875
3 0.38984375 0.69296875 0.0453125 0.0453125
3 0.740625 0.79453125 0.059375 0.05625
3 0.82265625 0.80234375 0.059375 0.059375
3 0.33671875 0.63515625 0.0546875 0.040625