5 0.13515625 0.4484375 0.0234375 0.0234375
5 0.17421875 0.3640625 0.03125 0.028125
5 0.25 0.34765625 0.0390625 0.0359375
5 0.37421875 0.3796875 0.0359375 0.03125
5 0.44921875 0.32734375 0.040625 0.0390625
5 0.56484375 0.3046875 0.0453125 0.0375
5 0.71484375 0.26328125 0.0359375 0.0453125
7 0.1765625 0.47578125 0.053125 0.1171875
7 0.24609375 0.45703125 0.0515625 0.128125
7 0.36640625 0.48828125 0.0359375 0.1328125
7 0.4515625 0.4484375 0.0734375 0.1375
7 0.5671875 0.43671875 0.0578125 0.13125
7 0.72421875 0.4078125 0.0734375 0.1640625
7 0.7484375 0.65390625 0.05 0.0796875
6 0.11796875 0.559375 0.0375 0.2375
6 0.1796875 0.5203125 0.0421875 0.3375
6 0.253125 0.51484375 0.0578125 0.371875
6 0.36640625 0.546875 0.05 0.3515625
6 0.45390625 0.51015625 0.078125 0.3984375
6 0.5765625 0.49765625 0.08125 0.4203125
6 0.73046875 0.47734375 0.1015625 0.4796875
3 0.775 0.69609375 0.04375 0.059375
3 0.72265625 0.6953125 0.0328125 0.0625
3 0.5890625 0.66796875 0.0390625 0.0984375
3 0.55546875 0.66328125 0.0375 0.09375
3 0.46640625 0.6703125 0.04375 0.096875
3 0.36953125 0.68515625 0.0453125 0.0828125
3 0.2578125 0.66875 0.0515625 0.0640625