5 0.609375 0.32265625 0.0609375 0.0515625
5 0.74609375 0.33125 0.0828125 0.08125
5 0.4171875 0.33203125 0.0796875 0.0734375
5 0.34765625 0.3625 0.0796875 0.0734375
7 0.41015625 0.4875 0.0796875 0.20625
7 0.62421875 0.490625 0.1015625 0.1921875
7 0.76796875 0.51796875 0.1140625 0.2359375
7 0.32734375 0.54296875 0.0921875 0.221875
6 0.4125 0.56875 0.075 0.5359375
6 0.62265625 0.59921875 0.0890625 0.603125
6 0.75703125 0.63515625 0.1046875 0.671875
6 0.33359375 0.64921875 0.0859375 0.6328125
3 0.33671875 0.94375 0.075 0.109375
3 0.4125 0.91953125 0.0921875 0.0875
3 0.62421875 0.875 0.0625 0.0765625
3 0.73515625 0.94296875 0.0828125 0.0734375
3 0.4484375 0.83125 0.065625 0.06875