5 0.35234375 0.2859375 0.0796875 0.0609375
5 0.184375 0.3109375 0.0640625 0.0546875
5 0.4578125 0.38671875 0.06875 0.0765625
7 0.27421875 0.48125 0.1015625 0.2640625
7 0.17578125 0.4875 0.0671875 0.196875
7 0.37734375 0.52578125 0.11875 0.190625
6 0.4078125 0.52734375 0.1625 0.3625
6 0.184375 0.54765625 0.0890625 0.540625
6 0.30078125 0.5859375 0.1875 0.665625
4 0.47265625 0.6578125 0.0484375 0.121875
4 0.30390625 0.6671875 0.065625 0.153125
3 0.23828125 0.89921875 0.0796875 0.1171875
3 0.371875 0.92109375 0.0984375 0.0875