5 0.48828125 0.2203125 0.06875 0.0609375
5 0.3484375 0.246875 0.0609375 0.0546875
5 0.55546875 0.28203125 0.0359375 0.0328125
5 0.7796875 0.30703125 0.059375 0.046875
5 0.7 0.3109375 0.0484375 0.053125
5 0.8375 0.31328125 0.0625 0.0578125
6 0.56640625 0.32890625 0.0515625 0.14375
5 0.64296875 0.33359375 0.05625 0.059375
6 0.878125 0.37109375 0.0234375 0.053125
6 0.90546875 0.4125 0.01875 0.1328125
6 0.9203125 0.42734375 0.025 0.1515625
6 0.94921875 0.43125 0.028125 0.1625
6 0.6984375 0.49140625 0.0453125 0.4125
6 0.78125 0.496875 0.0625 0.4140625
6 0.834375 0.52109375 0.059375 0.459375
6 0.65859375 0.54609375 0.0625 0.5140625
6 0.50859375 0.56796875 0.1140625 0.7453125
6 0.35078125 0.603125 0.0703125 0.7703125
3 0.47109375 0.91640625 0.053125 0.0796875
3 0.553125 0.90703125 0.078125 0.078125
3 0.365625 0.95703125 0.0703125 0.065625
3 0.82421875 0.7390625 0.04375 0.059375
3 0.646875 0.79765625 0.0484375 0.0734375
3 0.6828125 0.75 0.046875 0.078125
3 0.78828125 0.69140625 0.0375 0.0515625
3 0.5625 0.715625 0.034375 0.0578125