5 0.7140625 0.446875 0.0546875 0.053125
5 0.2390625 0.45859375 0.059375 0.040625
5 0.1921875 0.4875 0.0359375 0.0375
5 0.5015625 0.48984375 0.0609375 0.0578125
5 0.38203125 0.49375 0.053125 0.0703125
5 0.32890625 0.51015625 0.059375 0.0484375
7 0.71953125 0.65078125 0.0984375 0.209375
6 0.15390625 0.7 0.0625 0.4984375
6 0.71484375 0.709375 0.1265625 0.5765625
6 0.23671875 0.7203125 0.0875 0.559375
6 0.2390625 0.72265625 0.078125 0.5546875
6 0.53359375 0.72890625 0.1265625 0.5265625
6 0.4140625 0.73515625 0.109375 0.5296875
6 0.32734375 0.74296875 0.078125 0.5140625