5 0.5734375 0.3359375 0.015625 0.0171875
6 0.58515625 0.3703125 0.0390625 0.096875
5 0.5078125 0.37421875 0.015625 0.0265625
6 0.48828125 0.40703125 0.0578125 0.1015625
5 0.615625 0.41640625 0.0296875 0.0421875
6 0.66015625 0.44453125 0.103125 0.115625
5 0.61875 0.48046875 0.05 0.0453125
5 0.18359375 0.5453125 0.0609375 0.084375
6 0.68515625 0.5578125 0.1140625 0.171875
5 0.60234375 0.6046875 0.0546875 0.0734375
6 0.11015625 0.7234375 0.2125 0.46875
5 0.378125 0.77421875 0.0765625 0.06875
6 0.659375 0.78671875 0.203125 0.415625
5 0.78984375 0.84609375 0.05 0.059375
6 0.3671875 0.86171875 0.175 0.2609375
3 0.11953125 0.8828125 0.0671875 0.0484375
3 0.09375 0.93046875 0.090625 0.0625