5 0.12890625 0.33515625 0.04375 0.046875
4 0.6171875 0.33671875 0.0125 0.03125
6 0.665625 0.33671875 0.090625 0.396875
5 0.37109375 0.34375 0.0375 0.046875
5 0.4625 0.35703125 0.0421875 0.0375
4 0.69296875 0.35703125 0.0265625 0.04375
5 0.18515625 0.35859375 0.040625 0.034375
7 0.12109375 0.4390625 0.0609375 0.121875
6 0.378125 0.4953125 0.0875 0.3671875
6 0.19375 0.5015625 0.075 0.3203125
6 0.12421875 0.5046875 0.0828125 0.384375
6 0.4671875 0.52578125 0.0828125 0.38125
4 0.43828125 0.5375 0.01875 0.046875
4 0.4921875 0.54296875 0.028125 0.046875
5 0.68515625 0.16640625 0.0328125 0.04375
3 0.36484375 0.66875 0.0375 0.034375
3 0.14453125 0.68359375 0.05 0.0375
3 0.21640625 0.64765625 0.034375 0.0375
3 0.4578125 0.696875 0.040625 0.0328125