7 0.7625 0.34921875 0.115625 0.2453125
7 0.6265625 0.35859375 0.1140625 0.25625
6 0.76953125 0.38671875 0.13125 0.54375
7 0.09296875 0.43515625 0.1515625 0.3296875
5 0.82734375 0.43671875 0.0515625 0.059375
6 0.628125 0.47265625 0.128125 0.7234375
6 0.125 0.54609375 0.21875 0.853125
7 0.853125 0.63046875 0.1203125 0.2234375
6 0.82265625 0.64140625 0.1640625 0.4796875
6 0.70078125 0.12109375 0.015625 0.0609375
5 0.640625 0.1421875 0.0546875 0.0671875
5 0.753125 0.1421875 0.0546875 0.0703125
5 0.10546875 0.18203125 0.071875 0.08125
3 0.79296875 0.86953125 0.078125 0.0640625
3 0.19609375 0.96953125 0.08125 0.0609375
3 0.753125 0.809375 0.0703125 0.0671875