5 0.5328125 0.4 0.0171875 0.015625
5 0.5875 0.49296875 0.0171875 0.0265625
5 0.65234375 0.58359375 0.01875 0.0265625
5 0.63515625 0.40390625 0.0203125 0.01875
5 0.84375 0.3703125 0.0125 0.015625
6 0.53203125 0.4671875 0.034375 0.153125
6 0.58671875 0.5734375 0.0359375 0.1796875
6 0.65390625 0.6640625 0.034375 0.184375
6 0.6296875 0.4796875 0.0421875 0.16875
6 0.840625 0.44609375 0.028125 0.1609375
3 0.52890625 0.53671875 0.0109375 0.025
3 0.5390625 0.53515625 0.009375 0.0234375
3 0.575 0.6421875 0.015625 0.0234375
3 0.5890625 0.65078125 0.015625 0.01875
3 0.61640625 0.5546875 0.015625 0.025
3 0.640625 0.553125 0.0203125 0.025
3 0.83359375 0.521875 0.0109375 0.025
3 0.65703125 0.75078125 0.0203125 0.025