5 0.7796875 0.18046875 0.0765625 0.103125
5 0.15390625 0.27578125 0.0796875 0.0765625
4 0.6921875 0.32265625 0.04375 0.075
7 0.7578125 0.38515625 0.1421875 0.2640625
4 0.46171875 0.41875 0.0609375 0.09375
6 0.32578125 0.45234375 0.2875 0.8875
4 0.22265625 0.4859375 0.0703125 0.134375
6 0.76640625 0.48828125 0.228125 0.725
6 0.14609375 0.50703125 0.109375 0.5359375
6 0.478125 0.54375 0.0203125 0.075
6 0.45859375 0.5453125 0.01875 0.0703125
4 0.8609375 0.54921875 0.05625 0.1171875
4 0.1625 0.59140625 0.0484375 0.075
5 0.31640625 0.06484375 0.096875 0.128125
3 0.68671875 0.74609375 0.06875 0.10625
3 0.36640625 0.8140625 0.0734375 0.1828125
3 0.215625 0.81171875 0.0828125 0.1796875