5 0.24453125 0.24453125 0.1328125 0.1015625
5 0.75390625 0.2515625 0.0890625 0.0828125
5 0.4359375 0.25390625 0.121875 0.115625
5 0.86484375 0.29921875 0.0734375 0.059375
5 0.6203125 0.32265625 0.0734375 0.078125
5 0.80546875 0.3390625 0.0359375 0.0390625
6 0.68203125 0.35 0.0734375 0.165625
5 0.51796875 0.365625 0.046875 0.05
6 0.21640625 0.59453125 0.1484375 0.8109375
6 0.428125 0.596875 0.196875 0.80625
6 0.8640625 0.6078125 0.1046875 0.6953125
6 0.77421875 0.6109375 0.109375 0.778125
6 0.64765625 0.65 0.1640625 0.7