6 0.696875 0.2375 0.1828125 0.44375
5 0.528125 0.30546875 0.0625 0.08125
5 0.38984375 0.33671875 0.0796875 0.1015625
6 0.54375 0.35703125 0.1171875 0.1890625
4 0.69375 0.38984375 0.0453125 0.0625
6 0.36328125 0.4375 0.18125 0.2984375
5 0.2 0.4640625 0.1265625 0.1328125
5 0.5109375 0.50703125 0.0875 0.0859375
5 0.6734375 0.50703125 0.0828125 0.1046875
6 0.68125 0.56796875 0.140625 0.2625
6 0.1578125 0.590625 0.21875 0.3671875
5 0.72265625 0.06171875 0.084375 0.121875
6 0.5453125 0.72265625 0.1765625 0.5203125
3 0.4515625 0.93515625 0.053125 0.115625