5 0.66953125 0.415625 0.028125 0.0390625
5 0.31484375 0.42421875 0.0328125 0.03125
5 0.7453125 0.42578125 0.03125 0.0421875
5 0.171875 0.4625 0.03125 0.03125
7 0.66953125 0.52578125 0.0703125 0.153125
7 0.7484375 0.52890625 0.0828125 0.140625
7 0.3234375 0.54453125 0.0859375 0.14375
7 0.17890625 0.5671875 0.0828125 0.1484375
6 0.66875 0.56953125 0.0828125 0.346875
6 0.75078125 0.57890625 0.0859375 0.3421875
6 0.32109375 0.59140625 0.0875 0.3578125
6 0.171875 0.62890625 0.1046875 0.3546875
3 0.1984375 0.77578125 0.0296875 0.046875
3 0.3046875 0.76015625 0.028125 0.0359375
3 0.33359375 0.76015625 0.0234375 0.03125
3 0.66171875 0.71796875 0.028125 0.04375
3 0.74609375 0.740625 0.0328125 0.040625
3 0.16953125 0.79140625 0.0328125 0.0234375