5 0.3296875 0.26796875 0.084375 0.046875
5 0.8796875 0.375 0.034375 0.0171875
5 0.8234375 0.3765625 0.0421875 0.015625
4 0.46328125 0.4125 0.0875 0.0921875
6 0.82578125 0.41484375 0.0578125 0.1
6 0.8875 0.41796875 0.05625 0.096875
5 0.05546875 0.42890625 0.075 0.0328125
5 0.7109375 0.434375 0.0296875 0.01875
4 0.35859375 0.43671875 0.090625 0.0671875
6 0.71640625 0.44296875 0.05625 0.04375
6 0.08046875 0.45078125 0.125 0.0828125
6 0.41015625 0.4515625 0.240625 0.4265625
6 0.196875 0.46484375 0.0984375 0.0796875