6 0.69453125 0.27109375 0.0984375 0.2328125
6 0.5609375 0.29765625 0.090625 0.1796875
6 0.4640625 0.3390625 0.1046875 0.353125
6 0.3875 0.40390625 0.065625 0.3125
7 0.46796875 0.4046875 0.103125 0.2203125
6 0.340625 0.55625 0.1515625 0.8078125
5 0.478125 0.57265625 0.0734375 0.15
6 0.41640625 0.74375 0.2265625 0.478125
5 0.46171875 0.2 0.0640625 0.0796875
5 0.39453125 0.20859375 0.071875 0.103125
5 0.6875 0.2109375 0.0625 0.103125
5 0.55546875 0.2375 0.059375 0.0546875
3 0.3265625 0.95234375 0.075 0.090625