5 0.3609375 0.53046875 0.040625 0.0625
5 0.06796875 0.5375 0.0484375 0.04375
5 0.17734375 0.55625 0.046875 0.034375
6 0.3984375 0.5625 0.1125 0.125
5 0.32421875 0.5828125 0.046875 0.065625
7 0.421875 0.6171875 0.0875 0.16875
6 0.07109375 0.6421875 0.1109375 0.2484375
6 0.1890625 0.65 0.121875 0.215625
7 0.18671875 0.66953125 0.1171875 0.178125
7 0.06484375 0.67265625 0.1078125 0.1828125
7 0.39609375 0.69453125 0.109375 0.203125
6 0.3875 0.76484375 0.171875 0.41875
6 0.8390625 0.259375 0.1140625 0.171875