5 0.6609375 0.134375 0.0890625 0.0890625
5 0.571875 0.1828125 0.0828125 0.084375
5 0.7796875 0.22421875 0.05 0.0515625
5 0.71328125 0.23046875 0.0484375 0.0765625
5 0.17109375 0.23828125 0.0609375 0.05625
5 0.246875 0.2453125 0.0625 0.0671875
5 0.4375 0.2515625 0.059375 0.0625
5 0.3609375 0.25234375 0.0625 0.0671875
5 0.5296875 0.25546875 0.025 0.0421875
5 0.8359375 0.2734375 0.0734375 0.0703125
6 0.7828125 0.35078125 0.059375 0.3046875
7 0.7796875 0.37421875 0.0609375 0.134375
7 0.571875 0.42109375 0.071875 0.2453125
7 0.259375 0.425 0.078125 0.2171875
7 0.51875 0.42578125 0.0453125 0.1875
7 0.171875 0.428125 0.0703125 0.221875
7 0.4375 0.428125 0.0671875 0.2078125
7 0.3625 0.4484375 0.0671875 0.2078125
7 0.671875 0.45390625 0.13125 0.3453125
7 0.8453125 0.48984375 0.1109375 0.2484375
6 0.440625 0.51796875 0.08125 0.6
6 0.5171875 0.5203125 0.0484375 0.5671875
6 0.26484375 0.52109375 0.0953125 0.625
6 0.1671875 0.52578125 0.0828125 0.6375
6 0.365625 0.5390625 0.0828125 0.6140625
6 0.6703125 0.5421875 0.1375 0.915625
6 0.5734375 0.57265625 0.0828125 0.8546875
6 0.84375 0.58671875 0.128125 0.6953125
3 0.1703125 0.8203125 0.0671875 0.0640625
3 0.24375 0.8046875 0.0546875 0.05625
3 0.2921875 0.809375 0.0390625 0.0609375
3 0.3296875 0.81640625 0.0734375 0.05625
3 0.37890625 0.834375 0.0671875 0.0546875
3 0.5515625 0.95 0.084375 0.0875
3 0.4390625 0.79765625 0.0546875 0.0640625
3 0.884375 0.9046875 0.046875 0.075
3 0.80625 0.8828125 0.0671875 0.0515625
3 0.5125 0.76171875 0.059375 0.046875