5 0.3515625 0.2875 0.0375 0.0625
5 0.5859375 0.29765625 0.028125 0.0453125
5 0.42890625 0.3015625 0.0296875 0.0546875
5 0.24296875 0.31171875 0.040625 0.0515625
6 0.4296875 0.321875 0.040625 0.1265625
5 0.47421875 0.34296875 0.0296875 0.0625
5 0.17421875 0.34296875 0.0375 0.059375
6 0.34609375 0.34453125 0.04375 0.1953125
5 0.5625 0.35234375 0.034375 0.06875
6 0.24140625 0.3609375 0.040625 0.1453125
5 0.38203125 0.3671875 0.0234375 0.0546875
6 0.58828125 0.37109375 0.046875 0.2046875
5 0.06953125 0.3796875 0.04375 0.0859375
5 0.28359375 0.38125 0.0328125 0.059375
5 0.63515625 0.39375 0.0421875 0.06875
6 0.56015625 0.39921875 0.040625 0.1765625
6 0.47578125 0.41640625 0.0375 0.2390625
5 0.32578125 0.42890625 0.03125 0.0546875
5 0.1234375 0.43359375 0.040625 0.06875
6 0.17421875 0.4390625 0.05625 0.278125
5 0.43515625 0.4421875 0.034375 0.0578125
6 0.27890625 0.44296875 0.0390625 0.190625
5 0.52578125 0.44609375 0.0359375 0.065625
5 0.21953125 0.45625 0.0375 0.0734375
6 0.38203125 0.471875 0.034375 0.26875
7 0.37265625 0.52578125 0.0359375 0.0828125
6 0.05625 0.56640625 0.0625 0.4703125
7 0.27890625 0.63203125 0.046875 0.271875
6 0.1234375 0.64296875 0.0640625 0.4875
7 0.04921875 0.653125 0.0359375 0.2625
7 0.6328125 0.653125 0.071875 0.2859375
7 0.4359375 0.69296875 0.065625 0.26875
6 0.63828125 0.69375 0.08125 0.6125
7 0.32734375 0.70234375 0.065625 0.278125
6 0.33125 0.709375 0.0625 0.5640625
7 0.52578125 0.7125 0.0671875 0.290625
6 0.52890625 0.7125 0.06875 0.575
6 0.21953125 0.71796875 0.05625 0.5609375
6 0.43359375 0.71796875 0.06875 0.5640625
7 0.11640625 0.725 0.0609375 0.3296875
7 0.2203125 0.725 0.065625 0.284375
4 0.43359375 0.81171875 0.040625 0.0984375
4 0.53515625 0.83828125 0.028125 0.090625
4 0.5125 0.8484375 0.025 0.1