4 0.7609375 0.28359375 0.04375 0.075
4 0.71484375 0.2859375 0.0296875 0.0703125
5 0.2453125 0.30859375 0.084375 0.134375
4 0.93515625 0.334375 0.0328125 0.05625
4 0.4296875 0.36796875 0.05625 0.0671875
4 0.30234375 0.4234375 0.0390625 0.075
6 0.86171875 0.440625 0.2171875 0.6375
6 0.625 0.5140625 0.18125 0.7078125
6 0.36015625 0.6 0.3140625 0.728125
5 0.79375 0.15703125 0.084375 0.075
5 0.58671875 0.20859375 0.09375 0.10625
3 0.4640625 0.94921875 0.11875 0.08125
3 0.61328125 0.85625 0.0609375 0.1453125
3 0.6890625 0.8703125 0.08125 0.08125
3 0.8546875 0.76328125 0.06875 0.059375
3 0.9359375 0.71484375 0.0671875 0.08125