5 0.875 0.309375 0.0828125 0.0796875
5 0.66328125 0.35078125 0.0546875 0.0390625
5 0.73515625 0.35703125 0.0421875 0.059375
5 0.4578125 0.36953125 0.0484375 0.034375
5 0.18984375 0.3703125 0.05625 0.0640625
5 0.41015625 0.39765625 0.0359375 0.059375
6 0.734375 0.515625 0.0640625 0.3765625
6 0.45625 0.53984375 0.0765625 0.403125
6 0.403125 0.54140625 0.065625 0.353125
6 0.66171875 0.546875 0.0921875 0.44375
6 0.19375 0.553125 0.0921875 0.434375
6 0.96953125 0.55546875 0.0609375 0.3765625
6 0.865625 0.625 0.171875 0.7015625
3 0.20625 0.734375 0.04375 0.0515625
3 0.66875 0.76796875 0.0296875 0.0484375
3 0.64375 0.72421875 0.0421875 0.053125
3 0.45234375 0.73203125 0.0421875 0.0625
3 0.3890625 0.69296875 0.040625 0.0375
3 0.79296875 0.9109375 0.05625 0.075
3 0.85625 0.93046875 0.0578125 0.0890625