5 0.1296875 0.65703125 0.0203125 0.028125
5 0.16484375 0.665625 0.0171875 0.0171875
5 0.48671875 0.39140625 0.0171875 0.01875
5 0.61953125 0.35625 0.0234375 0.021875
5 0.92890625 0.42421875 0.0171875 0.015625
5 0.9515625 0.4015625 0.0171875 0.0140625
7 0.48046875 0.43828125 0.021875 0.0515625
7 0.6125 0.40078125 0.025 0.0578125
6 0.11875 0.66640625 0.0484375 0.0671875
6 0.17265625 0.734375 0.0390625 0.1625
6 0.4859375 0.4515625 0.040625 0.1421875
6 0.61796875 0.415625 0.0390625 0.15625
6 0.93125 0.4828125 0.040625 0.15625
6 0.95234375 0.434375 0.0296875 0.0984375
5 0.67265625 0.2328125 0.01875 0.0265625
6 0.6625 0.25546875 0.0390625 0.084375
7 0.7796875 0.26953125 0.0203125 0.046875