7 0.275 0.321875 0.1625 0.3265625
7 0.69375 0.33515625 0.153125 0.2890625
4 0.88984375 0.35234375 0.0640625 0.1171875
4 0.1921875 0.4953125 0.075 0.1265625
6 0.275 0.49921875 0.203125 0.971875
6 0.70625 0.51953125 0.4109375 0.9609375
5 0.31640625 0.06640625 0.06875 0.090625
5 0.68125 0.07109375 0.071875 0.078125
4 0.52265625 0.1046875 0.071875 0.1265625
4 0.421875 0.16328125 0.0453125 0.103125
3 0.66875 0.9578125 0.0890625 0.084375
3 0.76328125 0.95546875 0.0671875 0.0890625
3 0.31640625 0.9453125 0.1171875 0.0953125
3 0.209375 0.95390625 0.0859375 0.084375