5 0.3421875 0.52734375 0.034375 0.0296875
6 0.3125 0.5734375 0.0921875 0.1265625
4 0.3375 0.6140625 0.015625 0.0203125
5 0.6125 0.7359375 0.0421875 0.0296875
6 0.61015625 0.746875 0.0890625 0.0515625
4 0.5375 0.7640625 0.03125 0.025
5 0.72265625 0.7640625 0.03125 0.034375
5 0.58828125 0.78671875 0.034375 0.025
5 0.3328125 0.8140625 0.0453125 0.01875
5 0.2625 0.81796875 0.0515625 0.021875
6 0.58359375 0.81875 0.046875 0.078125
6 0.7578125 0.82734375 0.1125 0.175
4 0.646875 0.8328125 0.0359375 0.034375
6 0.353125 0.8578125 0.078125 0.10625
6 0.26640625 0.8640625 0.0765625 0.1046875