5 0.20625 0.41484375 0.0328125 0.03125
5 0.39921875 0.42890625 0.0515625 0.0484375
5 0.24609375 0.4328125 0.0640625 0.0625
5 0.3296875 0.43671875 0.03125 0.028125
5 0.45078125 0.44921875 0.0328125 0.0265625
5 0.665625 0.45390625 0.0234375 0.025
5 0.56640625 0.459375 0.03125 0.0390625
5 0.71328125 0.4828125 0.0390625 0.0421875
7 0.19375 0.49140625 0.0421875 0.0625
6 0.1859375 0.49921875 0.0671875 0.2125
7 0.665625 0.51015625 0.0328125 0.0703125
6 0.4625 0.53046875 0.0609375 0.18125
7 0.3265625 0.5359375 0.059375 0.11875
7 0.4578125 0.54453125 0.065625 0.115625
6 0.6671875 0.54453125 0.0453125 0.1984375
7 0.5734375 0.56875 0.0609375 0.1203125
7 0.71484375 0.5890625 0.071875 0.14375
7 0.409375 0.60546875 0.10625 0.2171875
6 0.33125 0.60859375 0.0703125 0.375
6 0.57265625 0.6234375 0.078125 0.35
7 0.2421875 0.62578125 0.1078125 0.2375
6 0.71328125 0.653125 0.078125 0.375
6 0.2484375 0.696875 0.109375 0.6046875
6 0.40546875 0.70078125 0.11875 0.5953125