5 0.171875 0.603125 0.015625 0.021875
5 0.25703125 0.584375 0.0125 0.0171875
5 0.42578125 0.5703125 0.0140625 0.015625
5 0.54453125 0.4578125 0.015625 0.0171875
5 0.31640625 0.58046875 0.0140625 0.0171875
6 0.17578125 0.68359375 0.0421875 0.1828125
6 0.2546875 0.6375 0.0359375 0.1265625
6 0.315625 0.64609375 0.0375 0.14375
6 0.421875 0.6171875 0.053125 0.1296875
6 0.54921875 0.50390625 0.03125 0.0875
3 0.303125 0.7140625 0.015625 0.015625
3 0.31875 0.7125 0.015625 0.0171875
3 0.16484375 0.77109375 0.0171875 0.0234375
3 0.18125 0.76796875 0.009375 0.021875