5 0.33359375 0.2984375 0.1203125 0.09375
5 0.26328125 0.35078125 0.05625 0.06875
5 0.4578125 0.35234375 0.084375 0.0703125
5 0.55078125 0.37578125 0.0625 0.053125
5 0.1953125 0.37578125 0.0625 0.053125
5 0.06640625 0.3953125 0.071875 0.05625
5 0.68671875 0.4140625 0.05 0.059375
6 0.1609375 0.5015625 0.0421875 0.2515625
6 0.1921875 0.5875 0.06875 0.4703125
6 0.5875 0.60390625 0.0640625 0.45
6 0.6875 0.60625 0.0953125 0.45
6 0.0546875 0.6171875 0.0921875 0.446875
6 0.33671875 0.62421875 0.1625 0.7515625
6 0.5421875 0.65078125 0.0984375 0.5984375
6 0.44921875 0.6578125 0.1109375 0.684375
6 0.23359375 0.665625 0.084375 0.66875
3 0.5203125 0.93203125 0.0671875 0.0828125
3 0.54453125 0.884375 0.078125 0.05
3 0.64765625 0.78984375 0.0421875 0.059375
3 0.69453125 0.8125 0.0375 0.059375
3 0.58671875 0.8046875 0.0515625 0.053125