5 0.91484375 0.28203125 0.0578125 0.0484375
5 0.1359375 0.32265625 0.0609375 0.0609375
5 0.3625 0.3328125 0.0421875 0.0390625
5 0.43984375 0.346875 0.0375 0.0390625
5 0.7234375 0.34765625 0.04375 0.046875
5 0.69609375 0.35234375 0.0265625 0.0375
5 0.24921875 0.35625 0.05 0.0484375
5 0.596875 0.35625 0.0359375 0.0390625
6 0.6875 0.503125 0.046875 0.3390625
6 0.91484375 0.50546875 0.09375 0.5
6 0.440625 0.52421875 0.090625 0.3859375
6 0.5953125 0.53125 0.0859375 0.3890625
6 0.73828125 0.54140625 0.1078125 0.415625
6 0.34609375 0.5515625 0.0703125 0.4765625
6 0.24609375 0.57265625 0.0984375 0.48125
6 0.12890625 0.57578125 0.1140625 0.5671875
3 0.7640625 0.73515625 0.04375 0.04375
3 0.8859375 0.7546875 0.046875 0.046875
3 0.9234375 0.75234375 0.046875 0.05625
3 0.71796875 0.72890625 0.034375 0.0421875
3 0.6234375 0.70703125 0.03125 0.0421875
3 0.5671875 0.7046875 0.03125 0.04375
3 0.67265625 0.665625 0.021875 0.0328125
3 0.0984375 0.8453125 0.0515625 0.065625
3 0.1671875 0.8421875 0.0484375 0.0609375
3 0.196875 0.7890625 0.0421875 0.0390625
3 0.26640625 0.79375 0.03125 0.0515625
3 0.325 0.759375 0.0390625 0.0484375