5 0.4515625 0.32734375 0.3703125 0.353125
5 0.14453125 0.63125 0.115625 0.1109375
5 0.75703125 0.67578125 0.04375 0.0625
5 0.83203125 0.678125 0.0375 0.0578125
5 0.98203125 0.696875 0.0296875 0.040625
5 0.92421875 0.68828125 0.0390625 0.0375
5 0.63671875 0.696875 0.034375 0.0296875
5 0.57890625 0.7140625 0.0390625 0.0546875
5 0.284375 0.70703125 0.0484375 0.05625
5 0.19921875 0.71640625 0.0359375 0.0453125
5 0.23203125 0.70546875 0.0375 0.0484375
6 0.121875 0.78359375 0.2078125 0.4296875
6 0.421875 0.5578125 0.434375 0.884375
6 0.7140625 0.81796875 0.0453125 0.2734375
6 0.584375 0.809375 0.0453125 0.2703125
6 0.6390625 0.80234375 0.0453125 0.2703125
6 0.66953125 0.80078125 0.0453125 0.2734375
6 0.7640625 0.7921875 0.0453125 0.2703125
6 0.8265625 0.78046875 0.0703125 0.26875
6 0.97421875 0.78203125 0.0484375 0.25625
6 0.93203125 0.78046875 0.05 0.2234375
6 0.209375 0.8171875 0.0828125 0.2359375
6 0.29453125 0.80234375 0.0828125 0.2359375