5 0.39140625 0.2875 0.0828125 0.0953125
5 0.62265625 0.2953125 0.046875 0.034375
5 0.72578125 0.334375 0.0671875 0.05625
7 0.84140625 0.40703125 0.15 0.1359375
4 0.17265625 0.41171875 0.0640625 0.0640625
7 0.3234375 0.4171875 0.121875 0.2109375
7 0.63046875 0.425 0.078125 0.1328125
6 0.62734375 0.4859375 0.0984375 0.4125
4 0.68359375 0.51015625 0.025 0.0546875
4 0.57265625 0.5109375 0.028125 0.059375
6 0.33046875 0.5234375 0.20625 0.5671875
6 0.82265625 0.553125 0.2375 0.4796875
4 0.33984375 0.575 0.0296875 0.078125
4 0.7546875 0.590625 0.0546875 0.115625
3 0.38046875 0.7515625 0.09375 0.0671875
3 0.24609375 0.7765625 0.0578125 0.0671875
3 0.58203125 0.69453125 0.0640625 0.0453125
3 0.640625 0.69453125 0.04375 0.0515625
3 0.79765625 0.77890625 0.103125 0.065625
3 0.89375 0.76875 0.0765625 0.065625