7 0.07421875 0.1890625 0.084375 0.165625
7 0.81953125 0.21328125 0.078125 0.1171875
7 0.8921875 0.2375 0.05625 0.14375
6 0.0765625 0.25546875 0.084375 0.3859375
6 0.81875 0.28359375 0.071875 0.3546875
7 0.59921875 0.29140625 0.16875 0.3515625
6 0.89140625 0.3015625 0.0625 0.3625
6 0.5390625 0.465625 0.325 0.896875
3 0.646875 0.87890625 0.121875 0.08125
3 0.4265625 0.77421875 0.115625 0.1046875
3 0.07578125 0.434375 0.0484375 0.0421875
3 0.80859375 0.4453125 0.0328125 0.0390625
3 0.8359375 0.44765625 0.025 0.0375