5 0.40625 0.85078125 0.0125 0.0140625
5 0.425 0.8484375 0.0171875 0.0140625
6 0.40546875 0.88984375 0.0234375 0.0875
6 0.4296875 0.884375 0.0265625 0.090625
5 0.64375 0.85546875 0.0234375 0.0234375
5 0.734375 0.90859375 0.0171875 0.0203125
5 0.7984375 0.86796875 0.0203125 0.0171875
5 0.8359375 0.8859375 0.0265625 0.0265625
7 0.796875 0.921875 0.0328125 0.0609375
7 0.9828125 0.9296875 0.034375 0.0578125
6 0.6390625 0.921875 0.0359375 0.1421875
6 0.71171875 0.946875 0.0671875 0.0984375
6 0.7921875 0.92109375 0.04375 0.1359375
6 0.84296875 0.9390625 0.0578125 0.121875
6 0.98046875 0.9234375 0.0390625 0.103125