5 0.31171875 0.7421875 0.0171875 0.021875
5 0.3640625 0.7734375 0.01875 0.0203125
5 0.3953125 0.75546875 0.01875 0.0203125
7 0.3109375 0.80703125 0.0234375 0.059375
7 0.3609375 0.825 0.0234375 0.0609375
7 0.3984375 0.82265625 0.0234375 0.065625
6 0.309375 0.840625 0.0359375 0.234375
6 0.3609375 0.859375 0.0359375 0.2078125
6 0.3984375 0.85625 0.0375 0.2234375
3 0.4 0.93984375 0.015625 0.0484375
3 0.3921875 0.95703125 0.015625 0.0359375
3 0.3703125 0.94921875 0.0125 0.01875
3 0.36015625 0.940625 0.0140625 0.028125