5 0.75390625 0.36796875 0.06875 0.078125
5 0.42890625 0.378125 0.078125 0.0796875
5 0.47890625 0.3953125 0.0671875 0.0796875
5 0.3515625 0.39921875 0.05 0.06875
7 0.76171875 0.54140625 0.1203125 0.2109375
7 0.41953125 0.5625 0.128125 0.25
6 0.93671875 0.5703125 0.1234375 0.3984375
6 0.74921875 0.60703125 0.1609375 0.61875
6 0.57421875 0.6078125 0.109375 0.478125
6 0.65703125 0.60859375 0.103125 0.45
6 0.32421875 0.6390625 0.0921875 0.5
6 0.43671875 0.65546875 0.175 0.6515625
6 0.0453125 0.6875 0.0875 0.59375