5 0.37890625 0.14609375 0.0703125 0.0703125
5 0.4875 0.22265625 0.0625 0.0734375
7 0.221875 0.2703125 0.1578125 0.2609375
7 0.37421875 0.3578125 0.11875 0.2109375
7 0.49140625 0.3875 0.11875 0.1953125
6 0.23125 0.44609375 0.2203125 0.8375
6 0.36953125 0.46875 0.1390625 0.7171875
6 0.5515625 0.49609375 0.234375 0.6171875
5 0.259375 0.0671875 0.10625 0.1
3 0.54921875 0.79609375 0.1109375 0.1015625
3 0.3484375 0.8609375 0.075 0.140625
3 0.284375 0.78671875 0.090625 0.1421875
3 0.4578125 0.8171875 0.0953125 0.1265625
3 0.628125 0.78203125 0.1 0.1