5 0.221875 0.33046875 0.0734375 0.0890625
5 0.79765625 0.33359375 0.1125 0.1109375
5 0.62734375 0.3484375 0.096875 0.084375
5 0.36796875 0.371875 0.0734375 0.0921875
5 0.5296875 0.3734375 0.0890625 0.1
5 0.1234375 0.378125 0.1078125 0.1125
5 0.72109375 0.40234375 0.0828125 0.08125
6 0.51015625 0.55546875 0.1328125 0.465625
6 0.63515625 0.55859375 0.1125 0.4859375
6 0.3546875 0.56015625 0.15 0.4875
6 0.728125 0.57109375 0.0828125 0.4046875
7 0.63515625 0.62421875 0.10625 0.33125
7 0.3421875 0.6296875 0.1359375 0.3109375
7 0.5328125 0.6296875 0.1125 0.3203125
6 0.22421875 0.63046875 0.1234375 0.7140625
6 0.11484375 0.63359375 0.121875 0.68125
6 0.83125 0.63984375 0.15 0.7203125
7 0.8265625 0.6703125 0.1546875 0.4203125
7 0.75234375 0.6390625 0.0953125 0.30625