5 0.84375 0.475 0.0609375 0.0421875
5 0.3609375 0.47578125 0.040625 0.0359375
5 0.0875 0.4859375 0.0484375 0.0390625
5 0.5046875 0.4875 0.05 0.0359375
5 0.93671875 0.48984375 0.059375 0.0421875
5 0.22890625 0.49453125 0.0515625 0.0515625
5 0.6515625 0.4953125 0.046875 0.0375
5 0.4375 0.51953125 0.0484375 0.0328125
5 0.71328125 0.5203125 0.0421875 0.0359375
5 0.57734375 0.5265625 0.0359375 0.034375
5 0.29765625 0.528125 0.040625 0.03125
5 0.18671875 0.5390625 0.0421875 0.0390625
5 0.77890625 0.5484375 0.0328125 0.034375
6 0.18125 0.54921875 0.0515625 0.0734375
5 0.48046875 0.5546875 0.0171875 0.0234375
6 0.575 0.5625 0.0734375 0.15
5 0.5546875 0.5703125 0.0203125 0.0375
6 0.29609375 0.6109375 0.059375 0.2328125
6 0.43359375 0.61171875 0.0609375 0.1984375
6 0.0828125 0.72265625 0.115625 0.53125
6 0.36796875 0.725 0.0984375 0.5421875
6 0.85703125 0.725 0.1125 0.5390625
6 0.51015625 0.728125 0.090625 0.54375
6 0.95078125 0.728125 0.0984375 0.54375
6 0.228125 0.7328125 0.1015625 0.5203125
6 0.6515625 0.73984375 0.109375 0.5203125
6 0.72265625 0.74375 0.0765625 0.484375
6 0.78984375 0.75 0.0671875 0.434375
3 0.896875 0.94765625 0.071875 0.1046875
3 0.83359375 0.946875 0.0390625 0.10625
3 0.9359375 0.92734375 0.0453125 0.1078125
3 0.97265625 0.92421875 0.0546875 0.1109375
3 0.775 0.92890625 0.028125 0.0390625
3 0.809375 0.93046875 0.040625 0.0453125
3 0.74375 0.91875 0.04375 0.10625
3 0.7046875 0.9234375 0.0296875 0.1046875
3 0.60390625 0.92578125 0.0390625 0.096875
3 0.55625 0.92734375 0.0390625 0.1078125
3 0.45703125 0.9359375 0.040625 0.10625
3 0.421875 0.9375 0.0390625 0.1109375