5 0.27421875 0.540625 0.0296875 0.025
5 0.65 0.54375 0.028125 0.03125
5 0.56875 0.5421875 0.03125 0.03125
5 0.490625 0.54609375 0.028125 0.0203125
5 0.45390625 0.56796875 0.028125 0.0265625
5 0.484375 0.56875 0.0359375 0.025
5 0.409375 0.55078125 0.03125 0.03125
5 0.33125 0.540625 0.03125 0.03125
5 0.08828125 0.55703125 0.00625 0.0046875
6 0.071875 0.57890625 0.0140625 0.05
6 0.0890625 0.57578125 0.015625 0.0546875
6 0.2625 0.671875 0.05625 0.2921875
6 0.315625 0.68203125 0.06875 0.31875
6 0.396875 0.69921875 0.059375 0.3328125
6 0.4453125 0.6828125 0.0375 0.2609375
6 0.48828125 0.71796875 0.0828125 0.3171875
6 0.69765625 0.68046875 0.14375 0.3
6 0.56640625 0.67421875 0.059375 0.2953125
7 0.26796875 0.62421875 0.046875 0.1015625
7 0.31875 0.6296875 0.05625 0.1171875
7 0.3984375 0.64453125 0.053125 0.115625
7 0.4421875 0.64375 0.034375 0.0953125
7 0.47890625 0.6734375 0.0609375 0.125
7 0.5640625 0.62109375 0.0515625 0.0859375
7 0.66328125 0.63125 0.0671875 0.0875
5 0.0734375 0.55625 0.00625 0.0046875
3 0.509375 0.8578125 0.040625 0.034375
3 0.63828125 0.81484375 0.028125 0.03125
3 0.671875 0.81171875 0.03125 0.03125
3 0.57890625 0.8046875 0.0296875 0.0265625
3 0.55 0.8078125 0.021875 0.0296875
3 0.38984375 0.84609375 0.0375 0.0328125
3 0.31640625 0.8234375 0.040625 0.0328125
3 0.2875 0.8171875 0.0234375 0.0296875
3 0.246875 0.81015625 0.034375 0.03125