6 0.375 0.33125 0.1015625 0.6078125
5 0.4640625 0.4015625 0.0515625 0.0578125
4 0.478125 0.43515625 0.0359375 0.05
5 0.38984375 0.0578125 0.053125 0.0703125
7 0.4875 0.58359375 0.0859375 0.1921875
5 0.64375 0.59765625 0.0515625 0.075
6 0.50390625 0.66015625 0.1421875 0.5609375
7 0.70859375 0.68984375 0.0859375 0.1296875
6 0.690625 0.76875 0.1515625 0.4484375
4 0.440625 0.2140625 0.0265625 0.0421875
7 0.36640625 0.2265625 0.0953125 0.203125
3 0.553125 0.91640625 0.0578125 0.0625
3 0.6703125 0.8984375 0.0578125 0.05
3 0.44609375 0.9453125 0.0421875 0.0546875
3 0.4078125 0.6015625 0.05625 0.0578125