5 0.159375 0.3796875 0.0609375 0.05
5 0.5828125 0.428125 0.0390625 0.03125
5 0.48671875 0.43203125 0.028125 0.0234375
5 0.7421875 0.4375 0.046875 0.034375
5 0.3328125 0.4390625 0.034375 0.040625
5 0.83984375 0.4421875 0.046875 0.034375
5 0.2359375 0.4421875 0.05 0.0328125
5 0.646875 0.45078125 0.0328125 0.03125
5 0.31484375 0.45234375 0.040625 0.0328125
5 0.41015625 0.45390625 0.034375 0.025
6 0.4875 0.578125 0.075 0.325
6 0.346875 0.584375 0.0515625 0.3375
6 0.40078125 0.5875 0.0703125 0.2984375
6 0.578125 0.5875 0.071875 0.353125
6 0.6546875 0.61328125 0.0671875 0.3484375
6 0.7359375 0.61796875 0.0828125 0.3953125
6 0.31328125 0.621875 0.075 0.3625
6 0.23203125 0.63515625 0.0828125 0.421875
6 0.14921875 0.64765625 0.0890625 0.5734375
6 0.85078125 0.65234375 0.109375 0.4421875
3 0.1265625 0.909375 0.05625 0.0625
3 0.16796875 0.871875 0.065625 0.0578125
3 0.2171875 0.825 0.053125 0.0546875
3 0.253125 0.79921875 0.05 0.040625
3 0.30859375 0.79140625 0.040625 0.046875
3 0.3296875 0.77734375 0.0390625 0.028125
3 0.88125 0.85078125 0.0390625 0.059375
3 0.83125 0.83515625 0.05625 0.040625
3 0.75078125 0.79609375 0.0359375 0.0390625
3 0.71640625 0.778125 0.05625 0.040625
3 0.671875 0.7640625 0.025 0.0328125
3 0.6453125 0.75078125 0.0375 0.0234375
3 0.596875 0.74609375 0.028125 0.0359375
3 0.55859375 0.7453125 0.03125 0.034375
3 0.5015625 0.72734375 0.0265625 0.0328125
3 0.453125 0.73046875 0.0328125 0.0296875
3 0.38984375 0.72265625 0.0234375 0.0296875
3 0.4203125 0.71796875 0.03125 0.028125
3 0.3578125 0.73515625 0.0375 0.0359375
3 0.3296875 0.75 0.0375 0.0328125