5 0.56171875 0.12734375 0.075 0.078125
5 0.12578125 0.18984375 0.0578125 0.0734375
6 0.37578125 0.2484375 0.225 0.4328125
6 0.5765625 0.3109375 0.15 0.4421875
6 0.2078125 0.3203125 0.221875 0.340625
6 0.82109375 0.3390625 0.296875 0.3984375
5 0.75859375 0.390625 0.053125 0.109375
5 0.30078125 0.08125 0.0671875 0.0828125
3 0.38671875 0.42421875 0.0375 0.0953125
3 0.4671875 0.43203125 0.0546875 0.0859375
3 0.51796875 0.49140625 0.046875 0.1015625
3 0.63203125 0.42265625 0.0390625 0.1109375
3 0.71640625 0.41484375 0.059375 0.0734375
3 0.7 0.4953125 0.0734375 0.1015625
3 0.2953125 0.45234375 0.0625 0.0859375