5 0.60234375 0.50390625 0.0203125 0.0296875
5 0.6546875 0.51875 0.01875 0.0234375
5 0.6859375 0.4484375 0.0140625 0.021875
5 0.746875 0.41171875 0.015625 0.025
5 0.7453125 0.45078125 0.0140625 0.0203125
6 0.6 0.58125 0.0421875 0.2109375
6 0.65390625 0.59296875 0.028125 0.184375
6 0.68671875 0.51796875 0.03125 0.184375
6 0.74609375 0.5296875 0.034375 0.1703125
6 0.74765625 0.43828125 0.034375 0.0703125
3 0.596875 0.67265625 0.015625 0.028125
3 0.61015625 0.67578125 0.0171875 0.021875
3 0.63984375 0.67578125 0.015625 0.028125
3 0.65859375 0.66953125 0.0203125 0.0203125
3 0.6890625 0.59921875 0.0203125 0.0234375
3 0.73671875 0.60390625 0.0125 0.0265625
3 0.7515625 0.60546875 0.0171875 0.034375