5 0.54140625 0.36484375 0.03125 0.025
5 0.78359375 0.3796875 0.0625 0.04375
5 0.6078125 0.4015625 0.0578125 0.0546875
5 0.3625 0.403125 0.0328125 0.03125
6 0.5453125 0.49140625 0.05 0.3015625
6 0.36953125 0.55546875 0.0671875 0.340625
6 0.51328125 0.57421875 0.059375 0.340625
6 0.78671875 0.57421875 0.0875 0.4390625
6 0.6125 0.58984375 0.0734375 0.425
3 0.6265625 0.78359375 0.0453125 0.0578125
3 0.59609375 0.76484375 0.0484375 0.04375
3 0.75703125 0.78125 0.04375 0.03125
3 0.7875 0.79453125 0.0453125 0.0359375