5 0.90625 0.14375 0.0609375 0.071875
5 0.0671875 0.1859375 0.04375 0.103125
5 0.30078125 0.23515625 0.05 0.0953125
7 0.11796875 0.29765625 0.11875 0.2328125
7 0.3875 0.3046875 0.1203125 0.159375
6 0.36328125 0.3078125 0.1765625 0.25
6 0.11328125 0.353125 0.1359375 0.4390625
7 0.9125 0.3640625 0.109375 0.2796875
4 0.77890625 0.38203125 0.0578125 0.1046875
6 0.91484375 0.41640625 0.1515625 0.6359375
5 0.66484375 0.45078125 0.040625 0.096875
6 0.7078125 0.62734375 0.15 0.4453125
7 0.70078125 0.725 0.1421875 0.3625