5 0.7 0.1515625 0.0359375 0.0375
5 0.97890625 0.16328125 0.040625 0.0453125
5 0.87734375 0.26171875 0.0359375 0.046875
6 0.6921875 0.2796875 0.0578125 0.3140625
6 0.9578125 0.325 0.075 0.3671875
7 0.84609375 0.35625 0.034375 0.109375
6 0.85390625 0.36796875 0.0796875 0.2734375
4 0.81171875 0.3796875 0.03125 0.0609375
5 0.728125 0.396875 0.075 0.065625
4 0.8796875 0.4234375 0.01875 0.0484375
5 0.334375 0.453125 0.059375 0.05625
6 0.31015625 0.5015625 0.090625 0.1671875
5 0.3359375 0.528125 0.0625 0.065625
5 0.6921875 0.5328125 0.0390625 0.04375
5 0.16796875 0.56328125 0.05 0.075
6 0.6796875 0.61875 0.059375 0.234375
6 0.73203125 0.64453125 0.1328125 0.5875
4 0.6484375 0.6671875 0.0265625 0.0421875
6 0.115625 0.6734375 0.1875 0.365625
4 0.15546875 0.72578125 0.0296875 0.04375
4 0.3859375 0.7390625 0.0390625 0.0546875
6 0.390625 0.75 0.190625 0.4796875
4 0.05546875 0.77265625 0.05 0.04375
4 0.278125 0.778125 0.040625 0.05625
3 0.39609375 0.96796875 0.0828125 0.05625
3 0.45390625 0.89140625 0.053125 0.0640625
3 0.71640625 0.91484375 0.0734375 0.0640625
3 0.64765625 0.43671875 0.0234375 0.0421875
3 0.68984375 0.4390625 0.0328125 0.0359375
3 0.0953125 0.83203125 0.053125 0.06875
3 0.17109375 0.765625 0.0703125 0.0375
3 0.90390625 0.48203125 0.0484375 0.0546875
3 0.95390625 0.490625 0.0375 0.0546875
3 0.8359375 0.52265625 0.0296875 0.0515625