5 0.81171875 0.16171875 0.075 0.08125
5 0.74609375 0.1625 0.06875 0.0734375
5 0.26796875 0.1859375 0.0828125 0.0734375
5 0.1515625 0.24375 0.084375 0.065625
6 0.73671875 0.35546875 0.10625 0.49375
7 0.85390625 0.3984375 0.109375 0.3359375
7 0.73984375 0.3984375 0.0984375 0.2859375
7 0.28046875 0.43203125 0.140625 0.29375
7 0.1359375 0.46171875 0.1375 0.2609375
6 0.85078125 0.5390625 0.146875 0.8609375
6 0.1359375 0.55546875 0.1625 0.6984375
6 0.28671875 0.559375 0.1703125 0.8296875
5 0.5671875 0.6375 0.0640625 0.121875
5 0.64296875 0.6625 0.0625 0.1296875
7 0.75546875 0.690625 0.1453125 0.1765625
7 0.4765625 0.7015625 0.175 0.19375
6 0.4859375 0.7734375 0.2640625 0.371875
6 0.72421875 0.7765625 0.228125 0.359375
3 0.26015625 0.94453125 0.0859375 0.0890625
3 0.34296875 0.9203125 0.0703125 0.0890625
3 0.840625 0.93359375 0.090625 0.0796875
3 0.8 0.9234375 0.0703125 0.065625