6 0.7171875 0.34375 0.1125 0.4109375
7 0.71328125 0.378125 0.090625 0.2765625
7 0.5640625 0.428125 0.10625 0.275
7 0.8296875 0.43671875 0.0828125 0.275
7 0.11171875 0.45390625 0.1015625 0.2078125
7 0.2828125 0.465625 0.1234375 0.3
6 0.09140625 0.55078125 0.14375 0.6625
6 0.8265625 0.55390625 0.10625 0.73125
6 0.55078125 0.56171875 0.1140625 0.753125
6 0.296875 0.578125 0.1515625 0.7453125
6 0.91171875 0.671875 0.0984375 0.4265625
3 0.50859375 0.92890625 0.065625 0.05625
3 0.35625 0.9296875 0.0609375 0.0609375
3 0.271875 0.94453125 0.0609375 0.05625
3 0.85390625 0.89296875 0.078125 0.0765625
3 0.80625 0.9109375 0.0890625 0.084375