4 0.3203125 0.3609375 0.059375 0.071875
7 0.325 0.37109375 0.1015625 0.321875
7 0.61171875 0.42109375 0.0921875 0.3453125
4 0.4421875 0.42734375 0.0390625 0.103125
4 0.496875 0.4609375 0.0484375 0.0671875
6 0.32578125 0.46953125 0.1328125 0.8375
6 0.59453125 0.46953125 0.1171875 0.7578125
4 0.484375 0.509375 0.0640625 0.0796875
5 0.778125 0.6046875 0.0640625 0.1296875
6 0.82578125 0.696875 0.1515625 0.36875
7 0.846875 0.72890625 0.103125 0.2640625
5 0.32890625 0.1 0.065625 0.096875
5 0.584375 0.13046875 0.0859375 0.103125