5 0.4 0.43671875 0.015625 0.0234375
5 0.2703125 0.4671875 0.0234375 0.0296875
6 0.4046875 0.54140625 0.0453125 0.25
6 0.31640625 0.55546875 0.0390625 0.2171875
6 0.27109375 0.5671875 0.0359375 0.2328125
6 0.0734375 0.61953125 0.065625 0.3140625
3 0.409375 0.653125 0.0171875 0.03125
3 0.3375 0.65234375 0.0203125 0.021875
3 0.396875 0.65 0.0125 0.028125
3 0.26875 0.6796875 0.0265625 0.021875
3 0.2765625 0.6671875 0.01875 0.025
3 0.096875 0.76640625 0.021875 0.0265625
3 0.078125 0.7765625 0.021875 0.034375