5 0.7 0.26015625 0.1203125 0.0953125
5 0.9140625 0.33203125 0.046875 0.034375
5 0.84921875 0.3375 0.046875 0.03125
7 0.978125 0.34609375 0.04375 0.140625
6 0.97421875 0.409375 0.0515625 0.3203125
7 0.921875 0.425 0.040625 0.090625
6 0.92109375 0.434375 0.06875 0.240625
6 0.85078125 0.4359375 0.0640625 0.2234375
7 0.85390625 0.44453125 0.053125 0.084375
7 0.55 0.4625 0.1609375 0.3484375
7 0.34140625 0.4984375 0.1859375 0.4015625
7 0.73515625 0.5421875 0.1609375 0.34375
6 0.55 0.5578125 0.16875 0.8109375
6 0.3359375 0.56484375 0.184375 0.8703125
4 0.58671875 0.56640625 0.065625 0.1171875
6 0.7328125 0.6078125 0.1859375 0.784375
4 0.84296875 0.8109375 0.0640625 0.1265625
5 0.38125 0.165625 0.1109375 0.084375
5 0.54453125 0.1921875 0.0828125 0.090625