6 0.428125 0.19609375 0.0515625 0.2125
5 0.67421875 0.21171875 0.046875 0.059375
7 0.4265625 0.23671875 0.0546875 0.109375
6 0.26328125 0.2421875 0.0671875 0.240625
7 0.2015625 0.37109375 0.0953125 0.2609375
7 0.55859375 0.3875 0.0875 0.2515625
7 0.32734375 0.40390625 0.090625 0.278125
7 0.11875 0.4171875 0.1078125 0.2859375
7 0.68203125 0.4171875 0.103125 0.259375
7 0.471875 0.43984375 0.1 0.2859375
6 0.62421875 0.503125 0.0578125 0.7015625
6 0.3953125 0.50859375 0.08125 0.76875
6 0.5515625 0.50859375 0.103125 0.7421875
6 0.2078125 0.52890625 0.1140625 0.825
6 0.68046875 0.5328125 0.0984375 0.690625
6 0.32578125 0.53359375 0.1125 0.8015625
6 0.47578125 0.54296875 0.109375 0.7671875
6 0.1078125 0.5453125 0.1296875 0.8421875
5 0.43125 0.11171875 0.0453125 0.059375
5 0.20234375 0.15 0.05 0.075
5 0.25859375 0.1515625 0.0484375 0.06875
5 0.38515625 0.1515625 0.0484375 0.059375
5 0.5171875 0.16484375 0.0390625 0.059375
5 0.32734375 0.165625 0.05 0.071875
5 0.11953125 0.1765625 0.053125 0.071875
5 0.55625 0.17734375 0.0453125 0.0703125
5 0.46796875 0.184375 0.0484375 0.0640625
5 0.6203125 0.1859375 0.04375 0.0640625
3 0.0921875 0.95 0.046875 0.0703125
3 0.15390625 0.94140625 0.040625 0.0640625
3 0.35234375 0.9015625 0.0375 0.0890625
3 0.290625 0.90703125 0.0359375 0.090625
3 0.19453125 0.9 0.0546875 0.09375
3 0.23515625 0.87890625 0.0703125 0.071875
3 0.4046875 0.86640625 0.05625 0.071875
3 0.5140625 0.8984375 0.0484375 0.071875
3 0.571875 0.85234375 0.0421875 0.071875
3 0.6265625 0.7796875 0.0421875 0.1734375