5 0.3984375 0.3015625 0.0359375 0.0453125
5 0.2796875 0.35625 0.0171875 0.015625
7 0.365625 0.3765625 0.0640625 0.109375
6 0.28046875 0.378125 0.0265625 0.06875
7 0.696875 0.38046875 0.1671875 0.2578125
7 0.2796875 0.38125 0.0203125 0.0171875
6 0.3703125 0.38984375 0.0875 0.21875
4 0.39921875 0.43359375 0.0234375 0.034375
4 0.63984375 0.4640625 0.078125 0.065625
6 0.7 0.5109375 0.1484375 0.896875
4 0.7328125 0.553125 0.0640625 0.109375
5 0.68828125 0.10390625 0.103125 0.0875
3 0.678125 0.89140625 0.0984375 0.15625
3 0.6359375 0.75625 0.1 0.0953125