5 0.4578125 0.509375 0.0265625 0.0234375
5 0.371875 0.51796875 0.0234375 0.0203125
5 0.77265625 0.51796875 0.0390625 0.0359375
6 0.371875 0.5890625 0.0546875 0.1828125
6 0.46875 0.5953125 0.059375 0.190625
4 0.35234375 0.60546875 0.015625 0.03125
4 0.38359375 0.60546875 0.0140625 0.03125
5 0.0703125 0.6328125 0.03125 0.03125
4 0.728125 0.65703125 0.0328125 0.0546875
6 0.775 0.68671875 0.071875 0.35625
6 0.1125 0.70703125 0.1546875 0.190625
4 0.0234375 0.7265625 0.0203125 0.046875
3 0.78359375 0.8375 0.028125 0.053125
3 0.76015625 0.78984375 0.025 0.065625