5 0.74140625 0.315625 0.0625 0.075
5 0.5515625 0.3234375 0.0703125 0.0859375
5 0.8609375 0.3375 0.071875 0.0921875
7 0.73828125 0.57890625 0.1125 0.303125
7 0.55703125 0.59453125 0.1203125 0.3171875
6 0.571875 0.6234375 0.1359375 0.6921875
7 0.8703125 0.6265625 0.1375 0.3359375
6 0.734375 0.63203125 0.13125 0.73125
6 0.86953125 0.6390625 0.1203125 0.7109375
6 0.4078125 0.65546875 0.1109375 0.65
6 0.30546875 0.671875 0.1171875 0.6453125
6 0.17890625 0.69609375 0.153125 0.603125
6 0.50625 0.74140625 0.134375 0.5109375