5 0.86953125 0.2140625 0.0546875 0.0640625
5 0.35078125 0.215625 0.0453125 0.053125
5 0.70078125 0.225 0.04375 0.05625
5 0.440625 0.23515625 0.046875 0.0484375
5 0.20390625 0.2390625 0.040625 0.05625
5 0.515625 0.2453125 0.04375 0.05625
5 0.03203125 0.26796875 0.0453125 0.0640625
5 0.5984375 0.271875 0.04375 0.05625
5 0.28125 0.29296875 0.040625 0.05625
5 0.1171875 0.32421875 0.040625 0.05625
7 0.78359375 0.4046875 0.078125 0.2671875
7 0.44375 0.43515625 0.0796875 0.2234375
7 0.52265625 0.4359375 0.0671875 0.2046875
7 0.35859375 0.4390625 0.078125 0.2234375
7 0.21015625 0.4546875 0.0703125 0.2546875
7 0.70078125 0.4546875 0.0734375 0.2546875
7 0.60625 0.4703125 0.078125 0.2359375
7 0.86171875 0.47109375 0.0578125 0.321875
7 0.9453125 0.48125 0.1078125 0.3625
7 0.03828125 0.48828125 0.075 0.253125
7 0.2859375 0.496875 0.0578125 0.228125
7 0.1234375 0.51875 0.06875 0.2421875
6 0.78359375 0.56328125 0.0890625 0.8734375
6 0.94140625 0.56640625 0.1171875 0.8671875
6 0.7 0.5796875 0.0859375 0.7578125
6 0.3546875 0.58046875 0.090625 0.78125
6 0.43828125 0.58671875 0.0921875 0.7640625
6 0.865625 0.58671875 0.0828125 0.8265625
6 0.03984375 0.5953125 0.078125 0.7359375
6 0.525 0.5953125 0.0921875 0.7640625
6 0.21015625 0.59765625 0.0765625 0.78125
6 0.6046875 0.60546875 0.0875 0.7390625
6 0.2796875 0.621875 0.06875 0.7140625
6 0.11640625 0.63046875 0.0765625 0.69375
5 0.775 0.146875 0.05 0.0578125
5 0.9375 0.184375 0.078125 0.0875
5 0.83046875 0.1875 0.0484375 0.0640625