5 0.18515625 0.253125 0.015625 0.015625
5 0.2625 0.25859375 0.015625 0.021875
5 0.303125 0.22890625 0.0140625 0.0171875
5 0.34296875 0.23828125 0.0140625 0.021875
6 0.15625 0.315625 0.0265625 0.1265625
6 0.1921875 0.32109375 0.0359375 0.146875
6 0.2625 0.315625 0.0390625 0.146875
6 0.30546875 0.28828125 0.0359375 0.1359375
6 0.346875 0.29453125 0.0359375 0.125
3 0.31484375 0.34453125 0.0140625 0.01875
3 0.303125 0.34453125 0.009375 0.0234375
3 0.271875 0.37421875 0.0125 0.025
3 0.16171875 0.38203125 0.0125 0.015625
3 0.19375 0.37890625 0.009375 0.0203125