6 0.059375 0.2015625 0.0921875 0.321875
5 0.790625 0.24140625 0.046875 0.0546875
6 0.2171875 0.24375 0.1 0.1375
5 0.6046875 0.30234375 0.046875 0.046875
6 0.3078125 0.31484375 0.1390625 0.540625
6 0.7796875 0.3421875 0.084375 0.2515625
7 0.78203125 0.359375 0.05625 0.115625
6 0.61328125 0.37734375 0.09375 0.2125
5 0.07734375 0.06953125 0.0359375 0.0328125
5 0.6390625 0.9203125 0.040625 0.03125
5 0.4796875 0.9328125 0.025 0.0328125
5 0.33671875 0.09453125 0.0703125 0.084375
6 0.19921875 0.16875 0.0796875 0.334375
3 0.28515625 0.51875 0.078125 0.1328125