5 0.5125 0.1953125 0.04375 0.040625
5 0.4671875 0.21640625 0.040625 0.0453125
5 0.5265625 0.22109375 0.05 0.05625
5 0.5671875 0.221875 0.0375 0.0453125
5 0.83515625 0.225 0.0484375 0.046875
5 0.90234375 0.23046875 0.05625 0.0578125
5 0.75390625 0.23125 0.0359375 0.040625
5 0.6171875 0.2390625 0.0375 0.0265625
5 0.79609375 0.24140625 0.0453125 0.04375
5 0.671875 0.24765625 0.05 0.0453125
6 0.7515625 0.2484375 0.0421875 0.090625
6 0.84140625 0.26328125 0.0625 0.1265625
6 0.665625 0.26953125 0.059375 0.09375
5 0.609375 0.27109375 0.046875 0.0359375
6 0.47734375 0.2953125 0.071875 0.2546875
7 0.48828125 0.31640625 0.040625 0.1046875
6 0.43515625 0.34296875 0.08125 0.3140625
7 0.4546875 0.37890625 0.046875 0.1953125
7 0.72109375 0.403125 0.0921875 0.20625
7 0.80859375 0.403125 0.075 0.196875
7 0.5359375 0.41015625 0.0859375 0.1953125
7 0.909375 0.43046875 0.1046875 0.2140625
6 0.5390625 0.4390625 0.115625 0.475
6 0.9125 0.44140625 0.1109375 0.4796875
7 0.62109375 0.4484375 0.075 0.196875
6 0.72421875 0.46015625 0.109375 0.540625
6 0.81171875 0.46015625 0.0984375 0.484375
6 0.63125 0.5046875 0.1078125 0.5