5 0.4484375 0.1953125 0.0390625 0.05625
5 0.85 0.2546875 0.05625 0.04375
5 0.7453125 0.2671875 0.0515625 0.0390625
5 0.15390625 0.26796875 0.0546875 0.0578125
5 0.8015625 0.27265625 0.0484375 0.0296875
5 0.6 0.27578125 0.05625 0.04375
7 0.39140625 0.2890625 0.090625 0.1171875
4 0.0890625 0.3578125 0.034375 0.0640625
7 0.15078125 0.3625 0.0796875 0.1234375
6 0.40234375 0.36640625 0.1015625 0.4078125
7 0.7265625 0.37265625 0.0671875 0.103125
7 0.8921875 0.39765625 0.0671875 0.15625
4 0.496875 0.4296875 0.0265625 0.0671875
6 0.13203125 0.4390625 0.10625 0.396875
4 0.15390625 0.4421875 0.028125 0.0625
7 0.8296875 0.44375 0.0875 0.171875
7 0.5875 0.4484375 0.0921875 0.1890625
6 0.88046875 0.49453125 0.090625 0.5140625
4 0.6953125 0.52265625 0.0296875 0.065625
6 0.7359375 0.52265625 0.084375 0.553125
6 0.57734375 0.53671875 0.1015625 0.5546875
4 0.89453125 0.5546875 0.04375 0.06875
6 0.80234375 0.5578125 0.1125 0.5546875
4 0.6625 0.565625 0.0328125 0.06875
3 0.0953125 0.60234375 0.05625 0.053125
3 0.16640625 0.62421875 0.046875 0.05625
3 0.40234375 0.55078125 0.0625 0.046875
3 0.54453125 0.78984375 0.0515625 0.0625
3 0.6078125 0.80234375 0.059375 0.065625
3 0.8140625 0.83515625 0.0703125 0.0625
3 0.72421875 0.73671875 0.0515625 0.0625
3 0.76640625 0.77890625 0.046875 0.09375
3 0.8640625 0.72265625 0.059375 0.053125