5 0.765625 0.3609375 0.04375 0.046875
7 0.66875 0.4859375 0.0703125 0.153125
7 0.78203125 0.4859375 0.078125 0.153125
7 0.46875 0.5359375 0.109375 0.215625
7 0.903125 0.559375 0.165625 0.34375
6 0.678125 0.5625 0.09375 0.41875
6 0.78046875 0.5734375 0.090625 0.465625
7 0.58046875 0.6046875 0.1140625 0.296875
6 0.90859375 0.6328125 0.1625 0.734375
7 0.13046875 0.6421875 0.153125 0.315625
6 0.46328125 0.64375 0.1109375 0.6
6 0.13828125 0.66875 0.2109375 0.6
6 0.584375 0.6921875 0.128125 0.615625
7 0.134375 0.9421875 0.228125 0.115625