5 0.15546875 0.1375 0.1546875 0.1859375
5 0.4609375 0.1390625 0.115625 0.18125
5 0.709375 0.17109375 0.121875 0.1609375
7 0.43046875 0.4734375 0.1875 0.365625
7 0.70390625 0.509375 0.2375 0.38125
6 0.4171875 0.52890625 0.253125 0.9375
6 0.16953125 0.53046875 0.3375 0.9390625
6 0.6796875 0.54765625 0.2609375 0.9046875
4 0.46640625 0.578125 0.1140625 0.1171875
7 0.17265625 0.5875 0.2515625 0.4671875
4 0.6890625 0.628125 0.1 0.1453125
4 0.228125 0.67890625 0.1421875 0.1484375
4 0.16328125 0.7640625 0.1453125 0.1953125