5 0.3859375 0.31640625 0.053125 0.0515625
5 0.84375 0.32109375 0.0359375 0.0484375
5 0.7328125 0.34296875 0.046875 0.0609375
5 0.68828125 0.34453125 0.0484375 0.0625
5 0.8296875 0.34609375 0.0546875 0.0625
5 0.50625 0.359375 0.05 0.0546875
5 0.3390625 0.3734375 0.0453125 0.0375
5 0.44765625 0.38125 0.053125 0.0484375
5 0.60234375 0.3875 0.046875 0.04375
6 0.334375 0.3921875 0.04375 0.090625
5 0.2140625 0.40703125 0.05 0.053125
5 0.27578125 0.4171875 0.0640625 0.0546875
4 0.2203125 0.4890625 0.0359375 0.065625
7 0.39140625 0.5 0.1046875 0.1828125
7 0.7515625 0.50390625 0.059375 0.190625
7 0.83359375 0.528125 0.0984375 0.19375
7 0.4484375 0.5296875 0.0296875 0.1828125
7 0.68828125 0.5328125 0.0890625 0.20625
7 0.5078125 0.540625 0.1015625 0.1953125
7 0.59921875 0.54296875 0.0796875 0.175
6 0.74609375 0.565625 0.0703125 0.528125
7 0.2796875 0.57578125 0.0859375 0.18125
7 0.2015625 0.5796875 0.0828125 0.203125
6 0.6828125 0.5859375 0.090625 0.55
4 0.90625 0.5859375 0.028125 0.0625
6 0.390625 0.58828125 0.10625 0.603125
6 0.45390625 0.59296875 0.0703125 0.4734375
6 0.5984375 0.596875 0.0703125 0.5
6 0.82734375 0.5984375 0.0984375 0.575
6 0.50625 0.60234375 0.090625 0.5484375
6 0.21484375 0.61640625 0.06875 0.5140625
4 0.471875 0.6203125 0.0265625 0.065625
6 0.28359375 0.63984375 0.0875 0.4921875
4 0.5546875 0.6484375 0.028125 0.0703125
3 0.41015625 0.85625 0.0359375 0.065625
3 0.378125 0.8609375 0.0390625 0.05625
3 0.50859375 0.86796875 0.0359375 0.053125
3 0.6109375 0.82734375 0.034375 0.053125
3 0.690625 0.86015625 0.0328125 0.053125
3 0.8109375 0.86171875 0.0375 0.0625
3 0.86015625 0.86484375 0.04375 0.0453125
3 0.590625 0.81328125 0.0296875 0.053125
3 0.30234375 0.86484375 0.0359375 0.053125
3 0.265625 0.8515625 0.0359375 0.0484375
3 0.2171875 0.8609375 0.028125 0.0421875
3 0.1921875 0.828125 0.021875 0.065625
3 0.6578125 0.82734375 0.0375 0.0828125