5 0.0765625 0.4515625 0.01875 0.01875
5 0.11640625 0.53359375 0.01875 0.0171875
5 0.35859375 0.48828125 0.021875 0.0140625
5 0.4921875 0.4828125 0.0140625 0.015625
5 0.56484375 0.38984375 0.0109375 0.0125
6 0.0734375 0.50390625 0.034375 0.1328125
6 0.11640625 0.55234375 0.0375 0.0625
6 0.35859375 0.54453125 0.0359375 0.125
5 0.44765625 0.4953125 0.0171875 0.015625
6 0.446875 0.54453125 0.046875 0.125
6 0.4921875 0.5234375 0.0265625 0.096875
6 0.56328125 0.3890625 0.03125 0.0265625
6 0.896875 0.50703125 0.046875 0.0734375