5 0.93515625 0.19296875 0.084375 0.0796875
5 0.7234375 0.26484375 0.0546875 0.05
5 0.06171875 0.26953125 0.08125 0.065625
4 0.70546875 0.32578125 0.0375 0.0484375
4 0.8453125 0.346875 0.05625 0.05
7 0.4640625 0.4015625 0.128125 0.315625
7 0.959375 0.415625 0.08125 0.2625
7 0.0421875 0.471875 0.08125 0.253125
7 0.73671875 0.4734375 0.096875 0.2265625
6 0.9390625 0.5125 0.121875 0.709375
6 0.478125 0.51953125 0.1765625 0.878125
6 0.06171875 0.5625 0.121875 0.6484375
6 0.734375 0.56953125 0.10625 0.6515625
5 0.49765625 0.14140625 0.10625 0.115625
3 0.39765625 0.95703125 0.0703125 0.0859375
3 0.52265625 0.9375 0.075 0.084375
3 0.73828125 0.8671875 0.0796875 0.059375
3 0.85390625 0.85703125 0.071875 0.06875