5 0.878125 0.2765625 0.03125 0.034375
4 0.696875 0.42734375 0.0359375 0.071875
6 0.85703125 0.4734375 0.1015625 0.4234375
6 0.6921875 0.48125 0.1765625 0.6484375
4 0.9015625 0.4890625 0.0296875 0.0546875
6 0.1171875 0.48984375 0.19375 0.971875
4 0.1 0.50078125 0.0796875 0.090625
4 0.41875 0.51640625 0.0578125 0.090625
4 0.74140625 0.51640625 0.034375 0.08125
6 0.3640625 0.56484375 0.2453125 0.8703125
5 0.0953125 0.065625 0.0984375 0.128125
4 0.31015625 0.6578125 0.0625 0.10625
5 0.759375 0.2125 0.05625 0.0984375
5 0.34140625 0.22109375 0.1015625 0.184375
3 0.446875 0.89453125 0.0578125 0.1234375
3 0.6265625 0.775 0.05 0.09375
3 0.8171875 0.6546875 0.0296875 0.05625
3 0.6953125 0.77734375 0.0640625 0.065625
3 0.85703125 0.653125 0.04375 0.0515625
3 0.2703125 0.9203125 0.053125 0.15
3 0.171875 0.91640625 0.0765625 0.1234375
3 0.10546875 0.89375 0.0828125 0.08125