5 0.03046875 0.34921875 0.0125 0.015625
5 0.165625 0.35234375 0.0140625 0.015625
6 0.03125 0.37890625 0.025 0.0828125
6 0.1671875 0.3875 0.021875 0.0921875
5 0.62578125 0.4140625 0.03125 0.0328125
5 0.69296875 0.41796875 0.0390625 0.0375
5 0.56875 0.42265625 0.034375 0.0359375
5 0.53671875 0.42421875 0.021875 0.0328125
6 0.62734375 0.5078125 0.0484375 0.209375
6 0.5203125 0.5515625 0.0640625 0.29375
6 0.58359375 0.56640625 0.059375 0.3234375
6 0.7046875 0.56953125 0.0671875 0.3359375
4 0.56484375 0.60546875 0.028125 0.0484375