5 0.890625 0.325 0.075 0.065625
5 0.19296875 0.3421875 0.0578125 0.0390625
5 0.4703125 0.3703125 0.046875 0.025
5 0.54140625 0.3734375 0.0359375 0.0234375
5 0.3984375 0.3859375 0.04375 0.0328125
5 0.3046875 0.39609375 0.046875 0.0328125
6 0.90859375 0.5421875 0.1109375 0.4953125
6 0.54609375 0.5953125 0.0625 0.465625
6 0.47734375 0.6078125 0.059375 0.4953125
4 0.525 0.625 0.0203125 0.05
6 0.403125 0.64609375 0.071875 0.5359375
6 0.18515625 0.65234375 0.1171875 0.6703125
4 0.43984375 0.65390625 0.0203125 0.0421875
6 0.3203125 0.66640625 0.0765625 0.5671875
4 0.38515625 0.66875 0.0234375 0.046875
4 0.1515625 0.7171875 0.0328125 0.065625
3 0.215625 0.97109375 0.0796875 0.0578125
3 0.3015625 0.9234375 0.0484375 0.075
3 0.34140625 0.9109375 0.0640625 0.053125
3 0.38671875 0.8828125 0.0328125 0.0546875
3 0.4203125 0.87265625 0.0484375 0.040625
3 0.46328125 0.84609375 0.0421875 0.0625
3 0.5 0.83515625 0.046875 0.05
3 0.5234375 0.8140625 0.034375 0.059375
3 0.55859375 0.80625 0.0609375 0.0296875