5 0.22109375 0.278125 0.0375 0.0421875
5 0.1796875 0.28984375 0.025 0.03125
5 0.26015625 0.3046875 0.025 0.046875
6 0.17265625 0.309375 0.028125 0.078125
5 0.32734375 0.3203125 0.0296875 0.0234375
6 0.259375 0.32421875 0.028125 0.10625
6 0.21328125 0.32421875 0.0375 0.1390625
5 0.28671875 0.32734375 0.025 0.0390625
7 0.21171875 0.35078125 0.0453125 0.0921875
7 0.38203125 0.3796875 0.0484375 0.0703125
7 0.4546875 0.3796875 0.05 0.090625
6 0.3796875 0.3828125 0.0328125 0.1546875
7 0.3265625 0.3921875 0.0390625 0.090625
7 0.59375 0.40859375 0.0359375 0.071875
5 0.4265625 0.4171875 0.0328125 0.0484375
6 0.3296875 0.4171875 0.03125 0.215625
6 0.459375 0.42421875 0.0578125 0.296875
7 0.27890625 0.42734375 0.053125 0.1140625
6 0.5953125 0.45546875 0.046875 0.25
6 0.28515625 0.47265625 0.034375 0.3296875
5 0.40234375 0.4828125 0.040625 0.0515625
6 0.43046875 0.48515625 0.0453125 0.1703125
7 0.4328125 0.51640625 0.0359375 0.096875
7 0.39765625 0.58515625 0.0609375 0.1140625
6 0.3953125 0.59609375 0.0515625 0.2703125
5 0.459375 0.59921875 0.0453125 0.0390625
5 0.6078125 0.64765625 0.0484375 0.0390625
5 0.78984375 0.7140625 0.059375 0.059375
7 0.45078125 0.740625 0.065625 0.1609375
4 0.4375 0.746875 0.0296875 0.0390625
6 0.45625 0.74921875 0.0859375 0.34375
6 0.60703125 0.765625 0.090625 0.2734375
7 0.60703125 0.77734375 0.071875 0.1609375
6 0.80234375 0.8328125 0.0984375 0.2921875
7 0.79765625 0.8421875 0.0875 0.115625