5 0.84296875 0.6546875 0.0078125 0.009375
5 0.62265625 0.66484375 0.0203125 0.025
5 0.6921875 0.6703125 0.03125 0.0359375
5 0.775 0.67421875 0.0296875 0.0359375
6 0.84375 0.67421875 0.0203125 0.04375
7 0.628125 0.7421875 0.0484375 0.0875
7 0.71171875 0.74765625 0.0671875 0.0703125
5 0.56015625 0.75 0.0109375 0.015625
7 0.790625 0.75078125 0.0546875 0.078125
5 0.58828125 0.75234375 0.0109375 0.009375
6 0.55859375 0.76640625 0.0203125 0.0671875
6 0.58671875 0.78046875 0.0203125 0.075
6 0.63359375 0.7828125 0.046875 0.2734375
6 0.70625 0.79921875 0.0671875 0.275
4 0.7390625 0.8015625 0.0234375 0.04375
4 0.678125 0.803125 0.0265625 0.0703125
6 0.790625 0.8046875 0.075 0.3109375
3 0.6203125 0.90390625 0.0234375 0.0359375
3 0.6453125 0.8859375 0.01875 0.0453125
3 0.70390625 0.92265625 0.0234375 0.028125
3 0.721875 0.9234375 0.0203125 0.0265625
3 0.7703125 0.94375 0.0328125 0.0265625
3 0.8 0.9453125 0.028125 0.0203125