6 0.60859375 0.5765625 0.0859375 0.4671875
6 0.51953125 0.59609375 0.1109375 0.56875
6 0.27734375 0.6046875 0.0671875 0.503125
6 0.3953125 0.609375 0.096875 0.5046875
6 0.6765625 0.61640625 0.08125 0.53125
6 0.95546875 0.63125 0.0890625 0.715625
6 0.2109375 0.64296875 0.103125 0.646875
6 0.82421875 0.6484375 0.0875 0.6640625
5 0.98359375 0.31171875 0.0328125 0.065625
5 0.5109375 0.325 0.0421875 0.0359375
5 0.2140625 0.34921875 0.0609375 0.0578125
5 0.58828125 0.36328125 0.046875 0.04375
5 0.26640625 0.375 0.0359375 0.04375
5 0.66953125 0.3828125 0.05 0.046875
3 0.37734375 0.8203125 0.034375 0.0515625
3 0.25625 0.921875 0.0625 0.0578125
3 0.1953125 0.971875 0.059375 0.05625
3 0.2734375 0.82578125 0.046875 0.046875
3 0.42109375 0.83125 0.04375 0.0515625
3 0.5015625 0.85625 0.0375 0.05625
3 0.55703125 0.84609375 0.0421875 0.0625
3 0.671875 0.8671875 0.0484375 0.05625
3 0.79140625 0.92421875 0.078125 0.0609375
3 0.8515625 0.96015625 0.053125 0.071875
3 0.6640625 0.82265625 0.05 0.04375