5 0.3578125 0.2859375 0.0796875 0.109375
5 0.18671875 0.30625 0.075 0.05625
5 0.4609375 0.38125 0.071875 0.09375
7 0.2828125 0.47578125 0.1109375 0.2640625
7 0.17734375 0.48359375 0.09375 0.2265625
7 0.38359375 0.5296875 0.146875 0.2109375
6 0.17890625 0.53515625 0.0828125 0.5484375
6 0.42734375 0.53671875 0.203125 0.3953125
6 0.31640625 0.60078125 0.1890625 0.73125
4 0.4765625 0.64296875 0.0546875 0.0765625
4 0.30078125 0.6609375 0.05 0.1328125
4 0.46328125 0.68515625 0.0484375 0.0671875
3 0.23984375 0.91953125 0.090625 0.06875
3 0.371875 0.92890625 0.090625 0.0734375