5 0.3828125 0.47421875 0.040625 0.046875
5 0.5484375 0.5 0.040625 0.040625
5 0.290625 0.5015625 0.046875 0.0375
5 0.64921875 0.50546875 0.0359375 0.040625
5 0.471875 0.53203125 0.04375 0.0390625
7 0.3828125 0.6015625 0.0890625 0.1484375
7 0.65078125 0.61953125 0.08125 0.1375
7 0.28203125 0.64609375 0.0859375 0.1734375
7 0.465625 0.65625 0.065625 0.15
6 0.37578125 0.6921875 0.0984375 0.4765625
6 0.65546875 0.69453125 0.128125 0.4171875
6 0.559375 0.69609375 0.115625 0.4359375
6 0.28046875 0.7140625 0.0875 0.4703125
6 0.4671875 0.7171875 0.078125 0.4125
3 0.253125 0.92578125 0.0390625 0.0625
3 0.303125 0.92890625 0.0390625 0.065625
3 0.340625 0.909375 0.0375 0.0640625
3 0.3921875 0.89375 0.04375 0.05
3 0.45625 0.90234375 0.04375 0.046875
3 0.471875 0.89375 0.0375 0.0453125
3 0.53671875 0.88828125 0.028125 0.0484375
3 0.59140625 0.8953125 0.05 0.046875
3 0.67421875 0.8859375 0.0359375 0.065625
3 0.63046875 0.878125 0.034375 0.0453125