5 0.146875 0.1140625 0.1171875 0.1265625
5 0.38671875 0.17421875 0.1171875 0.1234375
5 0.6578125 0.17734375 0.134375 0.1328125
5 0.88203125 0.1875 0.153125 0.1546875
6 0.13203125 0.5296875 0.2484375 0.9390625
7 0.12421875 0.54921875 0.2453125 0.5171875
6 0.38125 0.57734375 0.246875 0.84375
6 0.87890625 0.60234375 0.2171875 0.7953125
6 0.65078125 0.60390625 0.2390625 0.7921875
7 0.3734375 0.60703125 0.2234375 0.5109375
7 0.64921875 0.6265625 0.221875 0.5515625
7 0.8828125 0.68515625 0.2296875 0.628125