5 0.6296875 0.2015625 0.0703125 0.08125
5 0.72890625 0.2140625 0.1046875 0.0984375
5 0.359375 0.21796875 0.084375 0.0984375
5 0.421875 0.25703125 0.0546875 0.075
5 0.2296875 0.2984375 0.1046875 0.1125
5 0.51484375 0.31484375 0.0796875 0.0828125
7 0.64140625 0.41171875 0.109375 0.2578125
7 0.31875 0.4421875 0.0953125 0.290625
7 0.4296875 0.48203125 0.090625 0.278125
7 0.7703125 0.4875 0.1453125 0.3125
7 0.5296875 0.5515625 0.121875 0.3078125
6 0.64453125 0.559375 0.1234375 0.8
7 0.19296875 0.56640625 0.134375 0.3375
6 0.33359375 0.57890625 0.134375 0.8359375
6 0.76640625 0.58359375 0.1578125 0.8328125
6 0.4328125 0.5921875 0.1015625 0.734375
6 0.19296875 0.62109375 0.171875 0.7578125
6 0.53125 0.6375 0.13125 0.725
3 0.5125 0.95703125 0.0609375 0.0859375
3 0.584375 0.9625 0.05 0.075
3 0.409375 0.91640625 0.04375 0.103125
3 0.47734375 0.89296875 0.0546875 0.0921875
3 0.6203125 0.9140625 0.065625 0.08125
3 0.68671875 0.9359375 0.0515625 0.08125
3 0.3578125 0.971875 0.1046875 0.05625