5 0.3703125 0.24765625 0.0375 0.05
5 0.1375 0.34609375 0.0234375 0.0328125
5 0.64921875 0.36484375 0.03125 0.059375
5 0.28515625 0.37109375 0.0140625 0.025
5 0.10703125 0.37578125 0.0203125 0.01875
5 0.1796875 0.40078125 0.021875 0.0234375
7 0.3625 0.40078125 0.0796875 0.190625
6 0.63203125 0.446875 0.0828125 0.2109375
7 0.1140625 0.45859375 0.046875 0.140625
6 0.1734375 0.46875 0.0328125 0.159375
6 0.27265625 0.490625 0.0484375 0.265625
6 0.0953125 0.50390625 0.0328125 0.296875
6 0.378125 0.50859375 0.1109375 0.5671875
6 0.228125 0.51328125 0.0421875 0.26875
6 0.13515625 0.521875 0.0421875 0.39375
6 0.8265625 0.55546875 0.1296875 0.20625