5 0.94921875 0.153125 0.046875 0.0515625
5 0.27734375 0.17109375 0.0734375 0.0671875
5 0.77109375 0.1734375 0.0609375 0.05625
5 0.39609375 0.184375 0.01875 0.0203125
7 0.39765625 0.22578125 0.0203125 0.0390625
6 0.39765625 0.23359375 0.0453125 0.13125
7 0.94765625 0.27265625 0.065625 0.1390625
6 0.9453125 0.2859375 0.0625 0.315625
7 0.7890625 0.30390625 0.078125 0.1515625
7 0.25390625 0.33125 0.075 0.2109375
6 0.771875 0.3484375 0.0796875 0.459375
4 0.7328125 0.3828125 0.0296875 0.05
6 0.27578125 0.42109375 0.1234375 0.5671875
5 0.42734375 0.60625 0.059375 0.046875
7 0.60546875 0.68125 0.1078125 0.075
5 0.52109375 0.68515625 0.0328125 0.04375
6 0.59609375 0.69921875 0.1890625 0.1
7 0.4828125 0.73359375 0.075 0.153125
6 0.4640625 0.75625 0.134375 0.340625
3 0.29609375 0.6328125 0.09375 0.134375
3 0.759375 0.49921875 0.0703125 0.1140625
3 0.77578125 0.52734375 0.0625 0.09375
3 0.5 0.86953125 0.0390625 0.0828125