5 0.50625 0.15859375 0.075 0.0640625
5 0.425 0.16171875 0.075 0.0875
5 0.3375 0.19453125 0.075 0.059375
5 0.22109375 0.2078125 0.0890625 0.09375
4 0.5921875 0.26171875 0.0671875 0.0703125
4 0.53828125 0.26328125 0.0390625 0.0859375
7 0.459375 0.32265625 0.09375 0.21875
7 0.3171875 0.42109375 0.0984375 0.3
7 0.203125 0.42421875 0.1234375 0.246875
6 0.509375 0.49453125 0.0859375 0.734375
4 0.27578125 0.50390625 0.0421875 0.0875
6 0.4578125 0.51796875 0.0984375 0.790625
6 0.3296875 0.525 0.0921875 0.7015625
6 0.21796875 0.55390625 0.096875 0.7609375
3 0.2125 0.8828125 0.090625 0.1
3 0.2609375 0.8796875 0.0859375 0.096875
3 0.34453125 0.86328125 0.1046875 0.078125
3 0.47578125 0.88671875 0.09375 0.071875