5 0.26328125 0.31796875 0.053125 0.04375
5 0.6 0.33203125 0.04375 0.059375
5 0.4484375 0.3375 0.04375 0.05
5 0.0171875 0.3390625 0.0328125 0.0375
5 0.0609375 0.340625 0.0359375 0.0234375
5 0.7546875 0.35234375 0.090625 0.0625
5 0.34921875 0.403125 0.08125 0.0921875
6 0.25625 0.50703125 0.071875 0.4375
6 0.0140625 0.54453125 0.0265625 0.459375
6 0.590625 0.55078125 0.0984375 0.521875
6 0.434375 0.5671875 0.0828125 0.396875
6 0.459375 0.60078125 0.121875 0.58125
6 0.75 0.659375 0.1125 0.68125
6 0.34296875 0.67890625 0.0875 0.63125
3 0.5390625 0.82890625 0.065625 0.05625
3 0.6171875 0.84921875 0.05 0.059375
3 0.228125 0.77109375 0.04375 0.0625