5 0.62109375 0.31484375 0.0421875 0.021875
5 0.484375 0.7859375 0.034375 0.0109375
5 0.5796875 0.82109375 0.0453125 0.015625
5 0.76171875 0.8046875 0.0359375 0.0140625
7 0.478125 0.8390625 0.059375 0.0515625
7 0.53515625 0.84921875 0.05 0.046875
7 0.60703125 0.88203125 0.059375 0.0515625
7 0.77734375 0.8703125 0.053125 0.0703125
7 0.6640625 0.34921875 0.0625 0.0328125
6 0.6578125 0.36953125 0.0953125 0.134375
6 0.73046875 0.3984375 0.046875 0.1140625
6 0.47109375 0.87265625 0.0484375 0.190625
6 0.51875 0.86796875 0.0546875 0.1265625
6 0.60703125 0.88515625 0.0984375 0.153125
6 0.7734375 0.87421875 0.0734375 0.153125