5 0.29375 0.12109375 0.046875 0.0515625
5 0.14453125 0.140625 0.015625 0.01875
5 0.4453125 0.14296875 0.0328125 0.0484375
5 0.178125 0.14609375 0.015625 0.0203125
5 0.2140625 0.146875 0.0125 0.015625
5 0.57109375 0.1515625 0.0203125 0.0328125
6 0.2140625 0.16171875 0.0234375 0.0546875
7 0.140625 0.171875 0.03125 0.03125
7 0.46796875 0.17265625 0.0171875 0.0109375
5 0.07890625 0.175 0.025 0.0296875
6 0.28046875 0.175 0.08125 0.159375
7 0.1859375 0.1859375 0.0328125 0.034375
6 0.14375 0.18671875 0.040625 0.1140625
7 0.046875 0.19375 0.0546875 0.04375
7 0.49140625 0.1984375 0.0296875 0.04375
6 0.184375 0.20390625 0.040625 0.1390625
7 0.2765625 0.21171875 0.0671875 0.0984375
6 0.49140625 0.21171875 0.0296875 0.1296875
7 0.4125 0.22265625 0.0375 0.1125
5 0.10859375 0.2328125 0.021875 0.0265625
6 0.83359375 0.24765625 0.1140625 0.1015625
5 0.65625 0.25078125 0.08125 0.0859375
6 0.05390625 0.25546875 0.071875 0.1953125
7 0.8546875 0.25625 0.0671875 0.0703125
6 0.5671875 0.271875 0.0703125 0.271875
6 0.134375 0.278125 0.075 0.1046875
7 0.13984375 0.28046875 0.05 0.0578125
6 0.41875 0.2890625 0.0578125 0.36875
4 0.38125 0.30625 0.0375 0.06875
4 0.44609375 0.31484375 0.028125 0.046875
5 0.34296875 0.3171875 0.040625 0.090625
7 0.465625 0.3265625 0.0609375 0.0921875
7 0.771875 0.33671875 0.13125 0.184375
7 0.23984375 0.35390625 0.125 0.178125
4 0.28359375 0.47890625 0.0359375 0.0796875
6 0.24609375 0.48984375 0.20625 0.465625
6 0.7203125 0.5140625 0.2109375 0.60625
4 0.66875 0.5578125 0.05625 0.078125
4 0.84453125 0.5765625 0.053125 0.0828125
3 0.2453125 0.71640625 0.08125 0.0796875
3 0.7390625 0.79375 0.078125 0.084375
3 0.69921875 0.740625 0.0546875 0.0765625
3 0.30234375 0.515625 0.065625 0.0640625
3 0.41640625 0.46328125 0.0375 0.0640625
3 0.546875 0.39453125 0.021875 0.040625