7 0.8609375 0.496875 0.1578125 0.2171875
7 0.1109375 0.496875 0.15 0.24375
7 0.38984375 0.553125 0.1921875 0.2875
7 0.625 0.615625 0.1765625 0.309375
4 0.3140625 0.7515625 0.071875 0.075
4 0.1875 0.63671875 0.0484375 0.0640625
4 0.484375 0.6890625 0.04375 0.0703125
4 0.78984375 0.63203125 0.046875 0.059375
4 0.9484375 0.61640625 0.04375 0.05625
3 0.92109375 0.85859375 0.06875 0.05625
3 0.85078125 0.8546875 0.0671875 0.0546875
6 0.63203125 0.59765625 0.2203125 0.53125
6 0.125 0.47578125 0.2046875 0.3890625
6 0.39375 0.54296875 0.21875 0.5171875
6 0.86640625 0.6 0.215625 0.5921875