5 0.253125 0.69609375 0.1578125 0.05625
7 0.7234375 0.853125 0.296875 0.2
7 0.2234375 0.85546875 0.3171875 0.2
5 0.4 0.0734375 0.15625 0.053125
5 0.1515625 0.078125 0.1546875 0.0515625
7 0.853125 0.20703125 0.215625 0.16875
7 0.3859375 0.215625 0.240625 0.171875
7 0.62578125 0.21796875 0.23125 0.16875
7 0.15546875 0.2203125 0.23125 0.1703125
5 0.7296875 0.36328125 0.1734375 0.0515625
7 0.7359375 0.53125 0.2984375 0.1921875
7 0.23359375 0.5328125 0.3296875 0.2
6 0.75703125 0.83515625 0.4 0.3296875
6 0.2515625 0.83359375 0.4 0.3328125
6 0.24375 0.4953125 0.3875 0.3171875
6 0.74375 0.50078125 0.4046875 0.321875
6 0.865625 0.18671875 0.2578125 0.2796875
6 0.64921875 0.18671875 0.290625 0.2796875
6 0.384375 0.1875 0.3578125 0.275
6 0.14765625 0.1875 0.2671875 0.265625