7 0.2953125 0.36796875 0.13125 0.1484375
7 0.53515625 0.45 0.1453125 0.209375
7 0.80859375 0.453125 0.140625 0.2109375
7 0.21015625 0.45390625 0.1625 0.2046875
7 0.93046875 0.45625 0.134375 0.225
7 0.671875 0.4578125 0.1296875 0.2171875
7 0.06328125 0.459375 0.1234375 0.2109375
7 0.38125 0.465625 0.1453125 0.215625
3 0.53125 0.82734375 0.04375 0.0546875
3 0.571875 0.83203125 0.0484375 0.046875
3 0.6703125 0.8328125 0.0484375 0.046875
3 0.71015625 0.83515625 0.0546875 0.040625
3 0.80546875 0.82734375 0.0453125 0.05625
3 0.84453125 0.82421875 0.046875 0.0546875
3 0.953125 0.825 0.053125 0.0546875
3 0.978125 0.825 0.04375 0.05625
3 0.2140625 0.8359375 0.0484375 0.0328125
3 0.2578125 0.8375 0.0453125 0.040625
3 0.3890625 0.8328125 0.040625 0.04375
3 0.42109375 0.83671875 0.0546875 0.04375
6 0.06171875 0.5546875 0.115625 0.5984375
6 0.21015625 0.55 0.165625 0.60625
6 0.384375 0.55546875 0.165625 0.5984375
6 0.5359375 0.55 0.1453125 0.6140625
6 0.678125 0.5546875 0.140625 0.5953125
6 0.80859375 0.5515625 0.15 0.6015625
6 0.92734375 0.55390625 0.1453125 0.6171875