7 0.571875 0.4578125 0.075 0.153125
7 0.7046875 0.48125 0.071875 0.18125
7 0.44375 0.5078125 0.071875 0.1734375
7 0.3578125 0.5140625 0.1171875 0.225
7 0.65625 0.5203125 0.1 0.2015625
7 0.51484375 0.52421875 0.10625 0.2015625
5 0.5625 0.3265625 0.0484375 0.046875
5 0.6890625 0.32421875 0.046875 0.04375
5 0.340625 0.32890625 0.0546875 0.053125
5 0.51171875 0.34765625 0.0546875 0.0453125
5 0.65234375 0.35078125 0.053125 0.0515625
5 0.43828125 0.3546875 0.053125 0.059375
6 0.36328125 0.59296875 0.146875 0.5671875
6 0.51875 0.5921875 0.1109375 0.5390625
6 0.6671875 0.58515625 0.1234375 0.525