7 0.196875 0.43671875 0.15625 0.2328125
7 0.065625 0.4375 0.1265625 0.246875
7 0.34375 0.44375 0.1421875 0.2328125
7 0.9265625 0.44609375 0.1421875 0.240625
7 0.50078125 0.446875 0.178125 0.2203125
7 0.7875 0.446875 0.134375 0.2203125
7 0.66796875 0.4515625 0.1609375 0.2234375
6 0.0734375 0.53984375 0.146875 0.6546875
6 0.20703125 0.53515625 0.178125 0.6421875
6 0.35546875 0.54765625 0.1875 0.6390625
6 0.49921875 0.540625 0.184375 0.6296875
6 0.6578125 0.54375 0.184375 0.6421875
6 0.78828125 0.5484375 0.1921875 0.63125