7 0.296875 0.34375 0.1171875 0.1328125
7 0.215625 0.45 0.1375 0.196875
7 0.05546875 0.4578125 0.1078125 0.209375
7 0.821875 0.4578125 0.1296875 0.2078125
7 0.54375 0.46015625 0.1390625 0.203125
7 0.9390625 0.46015625 0.1171875 0.2125
7 0.6734375 0.465625 0.1296875 0.2109375
7 0.38203125 0.465625 0.1390625 0.2109375
3 0.01875 0.85546875 0.0375 0.0640625
3 0.0765625 0.85234375 0.0640625 0.059375
3 0.21171875 0.85546875 0.0609375 0.059375
3 0.25625 0.85234375 0.0625 0.0546875
3 0.3828125 0.85546875 0.04375 0.059375
3 0.415625 0.85625 0.0515625 0.05625
3 0.53125 0.8484375 0.046875 0.0609375
3 0.5703125 0.8515625 0.046875 0.0546875
3 0.6734375 0.8515625 0.053125 0.05625
3 0.7125 0.853125 0.059375 0.0546875
3 0.80859375 0.8484375 0.046875 0.0546875
3 0.85 0.85 0.0546875 0.0546875
3 0.96171875 0.84453125 0.05625 0.0640625
6 0.0703125 0.56640625 0.140625 0.6546875
6 0.2125 0.5703125 0.2078125 0.6546875
6 0.38984375 0.571875 0.18125 0.6421875
6 0.53984375 0.57421875 0.19375 0.634375
6 0.6828125 0.57109375 0.1859375 0.6296875
6 0.81171875 0.5765625 0.153125 0.634375
6 0.94296875 0.55703125 0.1140625 0.6609375