7 0.159375 0.30859375 0.125 0.1546875
7 0.2921875 0.378125 0.1234375 0.1546875
7 0.7421875 0.3828125 0.109375 0.1640625
7 0.453125 0.3875 0.1171875 0.19375
7 0.63359375 0.39765625 0.153125 0.16875
4 0.27265625 0.4625 0.046875 0.053125
4 0.3703125 0.39140625 0.040625 0.04375
4 0.46953125 0.4625 0.0453125 0.0515625
4 0.51640625 0.3765625 0.0453125 0.046875
4 0.5734375 0.490625 0.05625 0.053125
4 0.8125 0.42109375 0.0375 0.0453125
3 0.13984375 0.5078125 0.0640625 0.040625
3 0.3046875 0.5953125 0.059375 0.04375
3 0.2453125 0.59765625 0.0484375 0.0390625
3 0.765625 0.5703125 0.05625 0.0359375
3 0.6890625 0.55078125 0.0359375 0.04375
6 0.12890625 0.3828125 0.178125 0.403125
6 0.303125 0.4234375 0.1703125 0.384375
6 0.45390625 0.41875 0.165625 0.384375
6 0.60859375 0.43046875 0.2015625 0.3515625
6 0.753125 0.40703125 0.1640625 0.35
6 0.91328125 0.3828125 0.10625 0.3953125