7 0.06953125 0.5515625 0.13125 0.2390625
7 0.93671875 0.55546875 0.1234375 0.2171875
7 0.82421875 0.6078125 0.1171875 0.2109375
7 0.18125 0.61015625 0.103125 0.2171875
7 0.28828125 0.6109375 0.103125 0.196875
7 0.62109375 0.6140625 0.103125 0.2125
7 0.5125 0.6171875 0.125 0.2328125
7 0.721875 0.6203125 0.0921875 0.209375
7 0.3859375 0.6203125 0.121875 0.203125
3 0.04296875 0.95390625 0.0640625 0.0546875
3 0.1109375 0.94921875 0.084375 0.0546875
3 0.18359375 0.9453125 0.071875 0.0671875
3 0.28203125 0.9484375 0.0515625 0.0453125
3 0.3109375 0.9484375 0.0546875 0.04375
3 0.37578125 0.95 0.0484375 0.046875
3 0.4 0.9484375 0.053125 0.0453125
3 0.49609375 0.94921875 0.0546875 0.0484375
3 0.528125 0.9515625 0.0484375 0.0453125
3 0.6359375 0.95703125 0.0828125 0.0484375
3 0.725 0.959375 0.0796875 0.0484375
3 0.8328125 0.953125 0.0703125 0.0546875
3 0.9203125 0.96171875 0.0875 0.046875
3 0.9734375 0.96171875 0.053125 0.0515625
6 0.07734375 0.6625 0.146875 0.6296875
6 0.190625 0.6921875 0.1296875 0.5640625
6 0.28515625 0.6921875 0.11875 0.5625
6 0.3953125 0.6953125 0.1265625 0.5640625
6 0.5109375 0.70234375 0.134375 0.5546875
6 0.61796875 0.6953125 0.1328125 0.55625
6 0.7265625 0.70390625 0.115625 0.5625
6 0.828125 0.6984375 0.1265625 0.571875
6 0.9296875 0.6671875 0.140625 0.6375