7 0.61640625 0.35078125 0.2015625 0.3125
7 0.1203125 0.35078125 0.2125 0.340625
7 0.36640625 0.3328125 0.2203125 0.30625
7 0.86328125 0.3453125 0.1875 0.303125
3 0.059375 0.9125 0.1 0.0859375
3 0.19609375 0.92109375 0.0953125 0.084375
3 0.31171875 0.9109375 0.0796875 0.0765625
3 0.43671875 0.909375 0.0828125 0.084375
3 0.5765625 0.9421875 0.084375 0.0859375
3 0.6546875 0.9203125 0.0921875 0.1
3 0.88671875 0.9375 0.0859375 0.0859375
6 0.87265625 0.51015625 0.2546875 0.9421875
6 0.6234375 0.50625 0.240625 0.9421875
6 0.37421875 0.4859375 0.2640625 0.9234375
6 0.12421875 0.49296875 0.2484375 0.9375